0400
0399
0398
0327
0326
0325
0324
0323
0322
0321
0320
0319
0318
0317
0316
0315
0314
0313
0312
0311
0310
0309
0308
0307
0306
0305
0304
0303
0302
0301
0300
0299
0298
0297
0296
0295
0294
0293
0292
0291
0290
0289
0288
0287
0286
0285
0284
0283
0282
0281
0280
0279
0278
0277
0276
0275
0274
0273
0272
0271
0270
0269
0268
0267
0266
0265
0264
0263
0262
0261
0260
0259
0258
0257
0256
0255
0254
0253
0252
0251
0250
0249
0248
0247
0246
0245
0244
0243
0242
0241
0240
0239
0238
0237
0236
0235
0234
0233
0232
0231
0230
0229
0228
0227
0226
0225
0224
0223
0222
0221
0220
0219
0218
0217
0216
0215
0214
0213
0211
0212
0210
0209
0208
0207
0206
0205
0204
0203
0202
0201
0200
0199
0198
0197
0196
0195
0194
0193
0192
0191
0190
0189
0188
0187
0186
0185
0184
0183
0182
0181
0180
0179
0178
0177
0176
0175
0174
0173
0172
0171
0170
0169
0168
0167
0166
0165
0164
0163
0162
0161
0160
0159
0158
0157
0156
0155
0154
0130
0129
0128
0127
0126
0125
0124
0122
0123
0121
0120
0119
0118
0117
0116
0115
0114
0113
0112
0111
0110
0109
0108
0107
0106
0105
0104
0103
0102
0101
0100
0099
0098
0097
0096
0095
0094
0093
0092
0091
0090
0089
0088
0087
0086
0085
0084
0083
0082
0081
0080
0079
0078
0077
0076
0075
0074
0073
0072
0071
0070
0069
0068
0067
0066
0065
0064
0063
0062
0061
0060
0059
0058
0057
0056
0055
0054
0053
0052
0051
0050
0049
0048
0047
0046
0045
0044
0043
0042
0041
0040
0039
0038
0037
0036
0035
0034
0033
0032
0031
0030
0029
0028
0027
0026
0025
0024
0023
0022
0021
0020
0018
0017
0016
0015
0014
0013
0012
0011
0010
0009
0008
0007
0006
0005
0019
0004
0003
0002
0001
0000
0842
0841
0840
0839
0803
0802
0801
0800
0799
0798
0797
0796
0795
0794
0793
0792
0791
0790
0789
0788
1323
1322
0785
1315
0783
0782
0781
0780
0779
0778
0777
0776
0775
0774
0773
0772
0771
0770
0769
0768
0767
0766
0765
0764
0763
0762
0761
0760
0758
1301
1300
0759
0755
0754
1298
0752
0751
0750
0749
0748
0747
0746
0745
1281
0743
0742
0741
0740
0739
0701
0700
1235
0698
0697
0696
0695
0694
0693
0692
0691
0690
1225
0688
0687
0686
0685
1221
0683
0682
1218
0680
0679
0678
1215
0676
0675
0674
0673
0672
0671
0670
0669
0668
0667
0666
1206
1205
0663
0662
0661
1202
0659
0658
0657
1199
0655
0654
0653
0652
0651
0650
0649
0648
0647
0646
0645
0644
1187
0642
0641
1185
0639
0638
0637
0636
0635
0634
0633
0632
1177
0630
1175
0628
0627
0626
0625
0624
0623
0622
0621
0620
0619
0618
0617
0616
1159
0614
1157
0612
1155
0610
0609
0608
0606
0604
0605
0607
0603
0602
0601
0600
0599
0598
0597
0596
0595
0594
0593
0592
0591
0590
0589
0586
0587
0588
0585
0584
0583
0582
0581
1130
0579
0578
0577
1126
0575
0574
0573
0572
1123
0570
0569
1121
0567
0566
0565
0564
0563
0562
0561
0560
0557
0559
0558
1108
0555
0554
0553
1052
1051
1050
1049
1048
1047
1046
1045
1044
1043
1042
1041
1040
1039
1038
1036
1037
1035
1034
1033
1032
1031
1030
1029
1028
1027
1026
1025
1024
1023
1022
1021
1020
1019
1018
1017
1016
1015
1014
1013
1012
1011
1010
1009
1008
1007
1006
1005
1004
1003
1446
1445
1444
1443
1442
1440
1439
1438
1437
1390
1389
1387
1386
1385
1384
1383
1382
1381
1380
1379
1378
1311
1310
1309
1308
1307
1306
1305
1264
1263
1262
1261
1260
1259
1258
1257
1256
1255
1254
1253
1252
1251
1250
1249
1248
1247
1246
1245
1244
1243
1242
1241
1240
1239
1238
1237
1236
1235
1234
1233
1232
1231
1230
1229
1228
1227
1226
1225
1224
1223
1222
1221
1220
1219
1218
1217
1216
1215
1214
1213
1212
1211
1210
1209
1208
1207
1206
1205
1204
1203
1202
1201
1200
1199
1198
1197
1196
1195
1194
1193
1192
1191
1190
1189
1188
1187
1186
1185
1184
1183
1182
1181
1180
1179
1178
1177
1176
1175
1174
1173
1172
1171
1170
1169
1168
1167
1166
1165
1164
1163
1162
1161
1160
1159
1158
1157
1156
1155
1154
1143
1142
1141
1140
1139
1138
1137
1136
1135
1134
1133
1132
1131
1130
1129
1128
1127
1126
1125
1124
1123
1122
1121
1120
1119
1118
1116
1117
1115
1113
1114
1112
1111
1110
1109
1108
1107
1106
1105
1104
1103
1102
1101
1100
1099
1098
1097
1096
1095
1094
1093
1092
1091
1090
1089
1088
1087
1086
1085
1084
1083
1082
1081
1080
1079
1078
1077
1076
1075
1074
1073
1072
1071
1070
1069
1068
1067
1066
1065
1064
1063
1062
1061
1060
1059
1058
1057
1056
1055
1054
1053
1052
1051
1050
1049
1048
1047
1046
1045
1044
1043
1042
1041
1040
1039
1038
1037
1036
1035
1034
1033
1032
1031
1030
1029
1028
1027
1026
1025
1024
1023
1022
1021
1020
1019
1018
1017
1016
1015
1014
1013
1012
1011
1010
1009
1008
1007
1006
1005
1004
1003
1944
1943
1942
1941
1940
1939
1938
1937
1936
1935
1934
1933
1932
1931
1930
1929
1928
1927
1926
1925
1924
1923
1922
1921
1920
1919
1918
1917
1916
1915
1914
1858
1800
1799
1798
1797
1796
1795
1794
1793
1792
1791
1790
1789
1788
1787
1786
1785
1784
1783
1782
1781
1780
1779
1766
1765
1764
1763
1762
1761
1760
1759
1758
1757
1756
1755
1754
1753
1752
1751
1750
1749
1748
1747
1746
1745
1744
1743
1742
1741
1740
1739
1738
1737
1736
1735
1734
1733
1732
1731
1730
1729
1728
1727
1726
1725
1724
1723
1722
1721
1720
1719
1718
1717
1716
1715
1714
1713
1712
1711
1710
1709
1708
1707
1706
1705
1704
1703
1702
1701
1700
1699
1698
1697
1696
1695
1694
1693
1692
1691
1690
1689
1688
1687
1686
1685
1684
1683
1682
1681
1680
1679
1678
1677
1676
1675
1674
1673
1672
1671
1670
1669
1668
1667
1666
1665
1664
1663
1662
1661
1660
1659
1658
1657
1656
1655
1654
1653
1652
1651
1650
1649
1648
1647
1646
1645
1644
1643
1642
1641
1640
1639
1638
1637
1636
1635
1634
1633
1632
1631
1630
1629
1628
1627
1626
1625
1624
1623
1622
1621
1620
1619
1618
1617
1616
1615
1614
1613
1612
1611
1610
1609
1608
1607
1606
1605
1604
1603
1602
1601
1600
1598
1597
1596
1595
1594
1593
1592
1591
1590
1589
1588
1587
1586
1585
1584
1583
1582
1581
1580
1579
1578
1577
1576
1575
1574
1573
1572
1571
1570
1569
1568
1567
1566
1565
1564
1563
1562
1561
1560
1559
1558
1557
1556
1555
1554
1553
1552
1551
1550
1549
1548
1547
1546
1545
1544
1543
1542
1541
1540
1539
1538
1537
1536
1535
1534
1533
1532
1531
1530
1529
1528
1527
1526
1525
1524
1523
1522
1521
1520
1519
1518
1517
1516
1515
1514
1513
1512
1511
1510
1509
1508
1507
1506
1505
1599
1504
1503
