zec 22.33766 20.77922 693.50649 211.94805 
squid_peanut 43.11688 195.32468 542.85714 821.81818 
coke 985.45455 497.66234 1124.67532 851.94805 
buttering 985.45455 497.66234 1124.67532 851.94805 
buttering 696.62338 3.11688 924.15584 339.74026 
homerunball 547.01299 116.36364 691.42857 764.67532 
diget_ori 857.66234 57.14286 1048.83117 386.49351 
toreta 710.12987 345.97403 954.28571 566.23377 
diget_choco 739.22078 542.33766 930.38961 864.41558 
welchs 404.67532 668.05195 609.35065 911.16883 
cidar 590.64935 716.88312 771.42857 957.92208 
