couque_coffee 1.55844 115.32468 394.28571 391.68831 
couque_white 775.58442 577.66234 1217.14286 738.70130 
squid_peanut 606.75325 0.00000 1012.46753 617.14286 
chocopie 977.14286 112.20779 1254.54545 465.45455 
cidar 388.05195 330.38961 549.61039 735.58442 
vita500 544.93506 369.87013 658.18182 725.19481 
welchs 200.00000 382.33766 383.89610 721.03896 
diget_ori 3.63636 400.00000 200.00000 729.35065 
zec 0.00000 731.42857 638.44156 911.16883 
buttering 652.98701 732.46753 1246.23377 910.12987 
