couque_coffee 32.72727 73.76623 324.67532 459.22078 
squid_peanut 300.77922 0.00000 914.80519 402.07792 
cidar 337.14286 360.51948 723.63636 502.85714 
vita500 936.62338 294.02597 1131.94805 439.48052 
chocopie 906.49351 501.81818 1258.70130 709.61039 
diget_ori 0.00000 499.74026 319.48052 688.83117 
zec 19.22078 675.32468 678.96104 846.75325 
welchs 314.28571 517.40260 658.18182 672.20779 
buttering 660.77922 466.49351 968.83117 811.42857 
couque_white 739.22078 741.81818 1160.00000 922.59740 
