couque_coffee 30.64935 54.02597 346.49351 445.71429 
cidar 351.68831 306.49351 742.33766 448.83117 
squid_peanut 330.90909 9.35065 1023.89610 316.88312 
chocopie 894.02597 0.00000 1220.25974 351.16883 
vita500 941.81818 332.46753 1162.07792 468.57143 
buttering 672.72727 490.38961 1274.28571 633.76623 
diget_ori 0.00000 507.01299 337.14286 705.45455 
welchs 322.59740 505.97403 661.29870 681.55844 
zec 42.07792 680.51948 713.24675 852.98701 
couque_white 721.55844 633.76623 1097.66234 868.57143 
