diget_ori 106.49351 19.74026 272.72727 353.24675 
chocopie 262.33766 34.28571 481.55844 385.45455 
zec 478.44156 41.55844 1142.33766 208.83117 
couque_white 451.42857 179.74026 874.28571 296.10390 
couque_coffee 448.31169 311.68831 887.79221 428.05195 
buttering 1022.85714 196.36364 1243.11688 791.68831 
vita500 931.42857 438.44156 1055.06494 798.96104 
cidar 553.24675 447.79221 959.48052 594.28571 
welchs 574.02597 605.71429 913.76623 774.02597 
squid_peanut 1.55844 334.54545 560.51948 807.27273 
