zec 84.67532 84.15584 750.64935 246.23377 
couque_white 755.84416 40.51948 1193.24675 150.64935 
couque_coffee 775.58442 161.03896 1196.36364 276.36364 
chocopie 477.40260 243.11688 856.10390 472.72727 
vita500 51.42857 247.27273 436.88312 385.45455 
diget_ori 828.57143 278.44156 1102.85714 503.89610 
squid_peanut 0.00000 451.94805 607.27273 903.89610 
cidar 727.79221 496.62338 876.36364 902.85714 
welchs 881.55844 546.49351 1077.92208 886.23377 
buttering 1063.37662 323.11688 1222.33766 910.12987 
