couque_white 342.33766 14.54545 670.64935 182.85714 
couque_coffee 328.83117 153.76623 672.72727 353.24675 
zec 665.45455 18.70130 923.11688 305.45455 
buttering 847.27273 46.75325 1272.20779 313.76623 
vita500 44.15584 296.10390 431.68831 440.51948 
squid_peanut 75.32468 380.25974 471.16883 956.88312 
chocopie 472.20779 343.89610 837.92208 551.68831 
cidar 609.35065 532.98701 754.80519 935.06494 
welchs 787.01299 553.76623 950.12987 895.58442 
diget_ori 972.98701 655.58442 1280.00000 926.75325 
