zec 863.89610 50.90909 1254.54545 326.23377 
couque_white 504.41558 67.53247 821.29870 230.64935 
couque_coffee 484.67532 217.14286 826.49351 377.14286 
vita500 309.09091 244.15584 471.16883 379.22078 
squid_peanut 87.79221 360.51948 474.28571 960.00000 
chocopie 476.36364 378.18182 844.15584 561.03896 
cidar 547.01299 551.68831 714.28571 945.45455 
welchs 717.40260 579.74026 885.19481 936.10390 
diget_ori 891.94805 557.92208 1068.57143 897.66234 
buttering 886.75325 343.89610 1251.42857 623.37662 
