couque_white 223.89610 41.55844 582.33766 244.15584 
couque_coffee 230.12987 184.93506 580.25974 398.96104 
vita500 113.76623 210.90909 305.97403 357.40260 
squid_peanut 534.54545 8.31169 1141.29870 363.63636 
buttering 859.74026 376.10390 1267.01299 563.11688 
chocopie 446.23377 406.23377 806.75325 577.66234 
zec 69.09091 560.00000 454.54545 891.42857 
cidar 532.46753 576.62338 692.46753 957.92208 
welchs 707.01299 572.46753 871.16883 936.10390 
diget_ori 862.85714 572.46753 1087.27273 896.62338 
