couque_white 128.31169 103.89610 579.22078 228.57143 
squid_peanut 524.15584 9.35065 1149.61039 364.67532 
couque_coffee 131.42857 245.19481 576.10390 363.63636 
vita500 58.70130 430.12987 444.15584 566.23377 
chocopie 447.27273 409.35065 806.75325 574.54545 
buttering 822.33766 369.87013 1233.76623 560.00000 
zec 54.54545 585.97403 716.36364 732.46753 
cidar 191.68831 731.42857 586.49351 880.00000 
welchs 723.63636 590.12987 871.16883 934.02597 
diget_ori 894.54545 564.15584 1089.87013 891.42857 
