squid_peanut 494.02597 34.28571 1164.15584 345.97403 
buttering 827.53247 190.12987 1217.14286 516.36364 
diget_ori 934.54545 523.63636 1252.46753 765.71429 
couque_white 10.90909 236.88312 482.59740 368.83117 
couque_coffee 7.79221 363.63636 470.12987 486.23377 
chocopie 449.35065 392.72727 809.87013 588.05195 
vita500 65.97403 483.11688 449.35065 593.24675 
zec 48.31169 597.40260 713.24675 757.40260 
cidar 186.49351 734.54545 591.68831 891.42857 
welchs 607.27273 711.68831 958.44156 892.46753 
