couque_white 69.09091 0.00000 457.66234 278.44156 
couque_coffee 58.70130 274.28571 462.85714 524.67532 
vita500 52.46753 526.75325 450.38961 651.42857 
zec 34.80519 579.74026 717.40260 825.97403 
cidar 190.64935 782.33766 587.53247 951.68831 
squid_peanut 454.54545 8.31169 1160.00000 465.45455 
chocopie 425.45455 394.80519 787.01299 575.58442 
diget_ori 757.92208 546.49351 1096.62338 747.01299 
welchs 624.93506 735.58442 951.16883 911.16883 
buttering 1058.18182 199.48052 1276.36364 772.98701 
