couque_coffee 236.36364 11.42857 652.98701 287.79221 
couque_white 649.87013 0.00000 1039.48052 237.92208 
welchs 64.93506 156.88312 281.03896 503.89610 
cidar 288.31169 301.29870 680.00000 460.25974 
squid_peanut 637.40260 187.01299 1032.20779 792.72727 
diget_ori 1004.15584 433.24675 1217.14286 754.28571 
chocopie 738.18182 741.81818 1126.75325 957.92208 
vita500 84.67532 487.27273 468.05195 620.25974 
buttering 51.42857 581.81818 651.94805 780.25974 
zec 36.88312 757.40260 691.42857 924.67532 
