cidar 24.41558 27.01299 437.92208 188.05195 
vita500 438.44156 0.00000 806.75325 158.96104 
squid_peanut 713.24675 74.80519 1082.07792 683.63636 
couque_white 474.28571 180.77922 726.75325 563.11688 
couque_coffee 205.19481 184.93506 463.89610 573.50649 
welchs 17.14286 210.90909 201.03896 553.76623 
diget_ori 1056.10390 231.68831 1275.32468 551.68831 
buttering 73.24675 570.38961 673.76623 722.07792 
chocopie 738.18182 661.81818 1038.44156 925.71429 
zec 76.36364 699.22078 728.83117 880.00000 
