vita500 4.67532 301.29870 118.96104 686.75325 
cidar 118.96104 307.53247 281.03896 709.61039 
diget_ori 265.45455 182.85714 470.12987 509.09091 
welchs 307.01299 554.80519 644.67532 741.81818 
couque_coffee 499.22078 146.49351 619.74026 583.89610 
couque_white 624.93506 146.49351 753.76623 574.54545 
squid_peanut 707.01299 86.23377 1111.16883 705.45455 
zec 1068.57143 259.74026 1273.24675 912.20779 
chocopie 666.49351 724.15584 1028.05195 960.00000 
buttering 32.72727 753.24675 629.09091 921.55844 
