zec 0.00000 6.23377 676.88312 180.77922 
couque_white 670.64935 74.80519 1109.09091 226.49351 
couque_coffee 1008.31169 150.64935 1280.00000 525.71429 
squid_peanut 454.54545 220.25974 1097.66234 577.66234 
diget_ori 274.80519 185.97403 475.32468 509.09091 
cidar 116.88312 313.76623 285.19481 709.61039 
vita500 7.79221 302.33766 120.00000 682.59740 
welchs 312.20779 578.70130 648.83117 750.12987 
buttering 29.61039 742.85714 617.66234 931.94805 
chocopie 689.35065 634.80519 1045.71429 927.79221 
zec 689.35065 634.80519 1045.71429 927.79221 
