diget_ori 9.87013 39.48052 314.28571 297.14286 
zec 311.16883 77.92208 502.33766 747.01299 
vita500 50.38961 290.90909 153.24675 664.93506 
cidar 161.55844 312.72727 304.93506 716.88312 
squid_peanut 480.51948 207.79221 1092.46753 596.36364 
welchs 545.97403 15.58442 892.98701 196.36364 
buttering 90.90909 726.23377 661.29870 958.96104 
couque_white 739.22078 601.55844 1084.15584 776.10390 
couque_coffee 1032.20779 512.20779 1270.12987 917.40260 
chocopie 668.57143 739.74026 1028.05195 960.00000 
