diget_ori 6.75325 45.71429 308.05195 292.98701 
zec 287.27273 16.62338 496.10390 679.48052 
cidar 139.74026 289.87013 294.54545 685.71429 
vita500 18.18182 296.10390 139.74026 671.16883 
buttering 0.00000 676.36364 600.00000 843.63636 
welchs 542.85714 81.03896 883.63636 280.51948 
couque_white 988.57143 147.53247 1270.12987 523.63636 
squid_peanut 447.27273 243.11688 1001.55844 673.24675 
chocopie 615.58442 645.19481 991.68831 913.24675 
couque_coffee 1000.00000 537.14286 1276.88312 921.55844 
