vita500 254.02597 14.54545 627.01299 150.64935 
couque_white 717.40260 92.46753 1087.27273 375.06494 
zec 1063.37662 32.20779 1274.28571 694.02597 
welchs 730.90909 438.44156 1075.84416 636.88312 
squid_peanut 306.49351 68.57143 707.01299 712.72727 
diget_ori 156.36364 292.98701 370.38961 606.75325 
cidar 3.63636 289.87013 191.68831 682.59740 
buttering 7.79221 688.83117 565.71429 908.05195 
chocopie 570.90909 671.16883 907.53247 947.53247 
couque_coffee 901.29870 667.01299 1259.74026 940.25974 
