vita500 32.72727 143.37662 434.80519 265.97403 
squid_peanut 430.64935 116.36364 793.24675 753.24675 
buttering 800.51948 0.00000 963.63636 576.62338 
couque_white 956.36364 72.72727 1141.29870 494.54545 
zec 1018.70130 221.29870 1257.66234 875.84416 
welchs 836.88312 571.42857 1019.74026 908.05195 
couque_coffee 405.71429 730.38961 809.87013 929.87013 
chocopie 21.29870 680.51948 420.25974 907.01299 
cidar 48.31169 273.24675 261.29870 662.85714 
diget_ori 198.44156 281.55844 451.42857 618.18182 
