vita500 27.53247 142.33766 421.29870 300.25974 
chocopie 412.98701 10.38961 789.09091 243.11688 
buttering 802.59740 2.07792 977.66234 574.54545 
couque_white 949.09091 111.16883 1158.96104 431.16883 
squid_peanut 378.70130 211.94805 806.75325 783.37662 
diget_ori 180.77922 291.94805 408.83117 627.53247 
cidar 3.63636 269.09091 187.53247 681.55844 
couque_coffee 74.28571 686.75325 461.81818 950.64935 
zec 468.05195 733.50649 1122.59740 960.00000 
welchs 804.67532 589.09091 1038.44156 806.23377 
