squid_peanut 24.41558 0.00000 634.28571 344.93506 
buttering 620.77922 7.27273 1223.37662 192.20779 
diget_ori 646.75325 284.67532 827.53247 606.75325 
vita500 815.06494 175.58442 955.32468 531.94805 
cidar 357.92208 331.42857 518.96104 706.49351 
welchs 802.59740 587.01299 1023.89610 783.37662 
couque_white 937.66234 170.38961 1112.20779 601.55844 
chocopie 1112.20779 235.84416 1277.40260 605.71429 
zec 556.36364 725.19481 1215.06494 930.90909 
couque_coffee 179.22078 687.79221 556.36364 960.00000 
