squid_peanut 0.00000 81.03896 586.49351 465.45455 
buttering 687.27273 23.89610 1265.97403 224.41558 
cidar 543.89610 125.71429 678.96104 523.63636 
couque_coffee 41.03896 481.03896 365.19481 878.96104 
diget_ori 680.00000 367.79221 879.48052 670.12987 
welchs 338.18182 542.33766 663.37662 717.92208 
couque_white 959.48052 312.72727 1156.88312 723.11688 
vita500 875.84416 224.41558 978.18182 593.24675 
chocopie 1136.62338 390.64935 1279.48052 756.36364 
zec 374.54545 697.14286 1021.81818 883.11688 
