couque_coffee 62.85714 119.48052 518.96104 247.27273 
welchs 510.64935 50.90909 694.54545 400.00000 
buttering 693.50649 28.05195 1267.01299 262.85714 
vita500 945.97403 250.38961 1071.16883 625.45455 
diget_ori 726.75325 347.01299 954.28571 667.01299 
cidar 582.33766 398.96104 745.45455 783.37662 
squid_peanut 1.55844 372.98701 565.71429 767.79221 
chocopie 132.46753 258.70130 516.88312 432.20779 
zec 81.55844 754.28571 744.41558 960.00000 
couque_white 762.07792 661.81818 1138.18182 941.29870 
