welchs 130.38961 41.55844 496.10390 219.22078 
chocopie 501.29870 14.54545 678.96104 368.83117 
cidar 90.90909 227.53247 495.06494 371.94805 
squid_peanut 2.59740 386.49351 501.29870 757.40260 
buttering 786.49351 24.93506 974.54545 619.22078 
couque_coffee 1001.03896 72.72727 1198.44156 491.42857 
couque_white 941.81818 488.31169 1235.84416 860.25974 
zec 220.77922 718.96104 877.40260 960.00000 
vita500 700.77922 359.48052 827.53247 722.07792 
diget_ori 500.25974 414.54545 688.31169 715.84416 
