chocopie 340.25974 37.40260 717.40260 243.11688 
buttering 857.66234 52.98701 1102.85714 625.45455 
couque_coffee 1085.19481 77.92208 1257.66234 508.05195 
vita500 761.03896 124.67532 872.20779 499.74026 
welchs 14.02597 185.97403 365.19481 387.53247 
cidar 363.11688 243.11688 761.03896 429.09091 
zec 8.83117 360.51948 695.58442 573.50649 
diget_ori 117.92208 551.68831 304.93506 880.00000 
squid_peanut 286.23377 569.35065 883.63636 951.68831 
couque_white 874.28571 641.03896 1247.27273 910.12987 
