squid_peanut 186.49351 5.19481 761.03896 388.57143 
vita500 758.96104 128.83117 876.36364 497.66234 
chocopie 870.12987 113.24675 1092.46753 461.29870 
couque_coffee 1060.25974 124.67532 1269.09091 547.53247 
couque_white 861.81818 599.48052 1254.54545 854.02597 
zec 221.81818 524.67532 875.32468 718.96104 
welchs 1.55844 385.45455 335.06494 562.07792 
cidar 326.75325 384.41558 721.55844 549.61039 
diget_ori 1.55844 662.85714 277.92208 946.49351 
buttering 278.96104 723.11688 842.07792 911.16883 
