squid_peanut 0.00000 0.00000 553.24675 367.79221 
chocopie 502.33766 49.87013 746.49351 369.87013 
couque_coffee 879.48052 163.11688 1175.58442 525.71429 
vita500 752.72727 152.72727 872.20779 528.83117 
cidar 341.29870 372.98701 727.79221 526.75325 
welchs 0.00000 334.54545 331.94805 551.68831 
zec 283.11688 543.37662 574.02597 878.96104 
buttering 538.18182 536.10390 805.71429 809.35065 
couque_white 808.83117 536.10390 1242.07792 685.71429 
diget_ori 834.80519 692.98701 1194.28571 904.93506 
