zec 11.94805 16.62338 693.50649 181.81818 
buttering 687.27273 0.00000 1273.24675 189.09091 
vita500 849.35065 167.27273 968.83117 532.98701 
couque_white 1092.46753 478.96104 1269.09091 899.74026 
couque_coffee 914.80519 467.53247 1094.54545 885.19481 
diget_ori 555.32468 638.96104 891.94805 882.07792 
cidar 373.50649 510.12987 760.00000 712.72727 
squid_peanut 269.61039 149.61039 861.81818 563.11688 
chocopie 53.50649 164.15584 293.50649 516.36364 
welchs 12.98701 582.85714 363.11688 764.67532 
