squid_peanut 4.67532 229.61039 378.70130 858.18182 
diget_choco 375.58442 435.32468 691.42857 617.14286 
couque_white 366.23377 622.33766 760.00000 915.32468 
couque_coffee 753.76623 757.40260 1187.01299 934.02597 
homerunball 754.80519 460.25974 1260.77922 749.09091 
cidar 944.93506 81.03896 1131.94805 468.57143 
chocopie 742.85714 73.76623 959.48052 360.51948 
coke 397.40260 262.85714 746.49351 415.58442 
toreta 166.75325 0.00000 754.80519 185.97403 
homerunball 166.75325 0.00000 754.80519 185.97403 
