couque_white 61.81818 7.27273 488.83117 311.68831 
chocopie 449.35065 0.00000 818.18182 263.89610 
diget_choco 841.03896 67.53247 1179.74026 277.40260 
coke 648.83117 277.40260 1006.75325 419.74026 
cidar 179.22078 269.09091 585.45455 462.33766 
chocopie 179.22078 269.09091 585.45455 462.33766 
toreta 958.44156 334.54545 1164.15584 896.62338 
couque_coffee 683.11688 486.23377 959.48052 881.03896 
homerunball 123.11688 450.90909 636.36364 756.36364 
squid_peanut 104.41558 736.62338 651.94805 960.00000 
