couque_coffee 58.18182 156.88312 525.71429 299.22078 
cidar 541.29870 0.00000 700.25974 377.14286 
chocopie 833.24675 71.68831 1207.27273 360.51948 
toreta 673.24675 210.90909 873.76623 776.10390 
diget_choco 860.25974 391.68831 1203.11688 598.44156 
coke 845.71429 669.09091 1216.62338 816.62338 
homerunball 3.11688 280.51948 567.27273 503.89610 
couque_white 62.33766 463.37662 514.28571 616.10390 
squid_peanut 51.94805 551.68831 654.54545 928.83117 
toreta 51.94805 551.68831 654.54545 928.83117 
