couque_coffee 135.06494 115.32468 502.85714 288.83117 
chocopie 784.41558 24.93506 1157.40260 283.63636 
diget_choco 1010.90909 455.06494 1213.50649 777.14286 
coke 869.61039 490.38961 1021.29870 844.67532 
toreta 699.22078 309.61039 889.35065 868.57143 
cidar 548.57143 250.38961 703.37662 642.07792 
homerunball 22.85714 301.29870 519.48052 487.27273 
couque_white 69.61039 456.10390 517.40260 618.18182 
squid_peanut 29.09091 600.51948 655.58442 951.68831 
toreta 29.09091 600.51948 655.58442 951.68831 
