jjolbyung_noodle 57.14286 123.63636 362.59740 524.67532 
tuna 299.22078 124.67532 524.67532 359.48052 
gumi_gumi 511.16883 100.77922 800.00000 428.05195 
spearmint 889.35065 99.74026 1102.33766 175.58442 
juicyfresh 890.38961 20.77922 1106.49351 86.23377 
diget_choco 450.90909 419.74026 763.63636 626.49351 
couque_coffee 90.38961 526.75325 415.58442 941.29870 
chocopie 381.29870 619.22078 718.96104 894.54545 
couque_white 737.66234 608.83117 1121.03896 878.96104 
jjolbyung_ori 737.66234 608.83117 1121.03896 878.96104 
jjolbyung_noodle 737.66234 608.83117 1121.03896 878.96104 
jjolbyung_ori 794.80519 172.46753 1203.11688 429.09091 
tuna 794.80519 172.46753 1203.11688 429.09091 
