jjolbyung_noodle 42.59740 110.12987 318.96104 537.14286 
tuna 308.57143 97.66234 537.14286 320.00000 
chocopie 541.29870 9.35065 904.93506 291.94805 
diget_choco 771.94805 278.44156 1125.19481 484.15584 
spearmint 589.09091 345.97403 782.33766 415.58442 
juicyfresh 360.51948 390.64935 565.19481 476.88312 
jjolbyung_ori 683.63636 457.14286 1088.83117 687.79221 
gumi_gumi 347.01299 541.29870 630.64935 927.79221 
couque_coffee 34.28571 557.92208 324.15584 932.98701 
couque_white 650.38961 696.10390 1036.88312 948.57143 
