jjolbyung_noodle 0.00000 75.84416 285.71429 499.74026 
spearmint 384.41558 114.28571 601.55844 189.09091 
juicyfresh 364.67532 174.54545 588.05195 261.81818 
tuna 743.89610 39.48052 993.24675 263.89610 
diget_choco 791.68831 241.03896 1140.77922 444.67532 
jjolbyung_ori 701.29870 429.09091 1107.53247 673.24675 
chocopie 291.94805 382.33766 674.28571 600.51948 
gumi_gumi 17.66234 570.38961 299.22078 913.24675 
couque_coffee 302.33766 656.62338 674.28571 941.29870 
couque_white 694.02597 663.89610 1067.01299 934.02597 
