jjolbyung_noodle 23.89610 120.51948 305.45455 543.37662 
spearmint 381.29870 81.03896 447.79221 287.79221 
juicyfresh 449.87013 67.53247 510.12987 274.28571 
diget_choco 551.68831 31.16883 763.63636 359.48052 
tuna 756.36364 145.45455 980.77922 367.79221 
jjolbyung_ori 690.90909 360.51948 1106.49351 633.76623 
chocopie 311.68831 411.42857 644.15584 662.85714 
gumi_gumi 30.12987 569.35065 297.14286 898.70130 
couque_coffee 337.66234 697.14286 714.80519 960.00000 
couque_white 775.06494 675.32468 1148.05195 916.36364 
