couque_coffee 267.01299 0.00000 642.07792 294.02597 
jjolbyung_noodle 23.89610 215.06494 316.88312 621.29870 
diget_choco 633.76623 45.71429 855.06494 361.55844 
couque_white 836.36364 104.93506 1218.70130 368.83117 
juicyfresh 368.83117 337.66234 572.46753 413.50649 
spearmint 351.16883 436.36364 536.10390 508.05195 
gumi_gumi 3.11688 617.14286 294.02597 947.53247 
chocopie 296.10390 575.58442 681.55844 819.74026 
jjolbyung_ori 643.11688 468.57143 965.19481 861.29870 
tuna 921.55844 590.12987 1155.32468 802.07792 
