couque_coffee 255.58442 5.19481 655.58442 267.01299 
diget_choco 642.07792 34.28571 846.75325 361.55844 
couque_white 825.97403 103.89610 1223.89610 380.25974 
tuna 913.24675 581.81818 1153.24675 814.54545 
jjolbyung_ori 628.57143 437.40260 970.38961 896.62338 
jjolbyung_noodle 16.62338 210.90909 327.27273 634.80519 
juicyfresh 372.98701 366.75325 570.38961 429.09091 
spearmint 365.71429 448.83117 557.92208 517.40260 
chocopie 300.25974 551.68831 663.89610 850.90909 
gumi_gumi 0.00000 615.06494 340.77922 932.98701 
