diget_choco 94.54545 130.90909 301.29870 464.41558 
jjolbyung_noodle 290.90909 43.63636 724.15584 340.77922 
couque_white 765.71429 46.75325 1153.24675 321.03896 
gumi_gumi 592.20779 328.31169 963.11688 624.41558 
tuna 903.89610 635.84416 1129.35065 868.57143 
jjolbyung_ori 512.20779 606.75325 916.36364 891.42857 
chocopie 267.01299 497.66234 571.42857 862.33766 
juicyfresh 369.87013 371.94805 571.42857 425.97403 
spearmint 359.48052 446.75325 560.00000 517.40260 
couque_coffee 0.00000 501.81818 217.14286 941.29870 
