diget_choco 128.83117 161.03896 354.28571 498.70130 
juicyfresh 389.61039 228.57143 478.96104 320.00000 
spearmint 379.22078 397.92208 478.96104 480.00000 
couque_white 504.93506 35.32468 834.28571 439.48052 
tuna 841.55844 45.71429 1072.20779 286.75325 
jjolbyung_ori 778.18182 372.98701 1249.87013 582.85714 
gumi_gumi 852.98701 580.77922 1205.19481 885.19481 
jjolbyung_noodle 524.67532 504.93506 839.48052 923.63636 
chocopie 238.96104 585.97403 519.48052 943.37662 
couque_coffee 0.00000 511.16883 215.06494 945.45455 
