chocopie 67.53247 52.98701 336.62338 392.72727 
juicyfresh 385.45455 164.15584 474.80519 251.42857 
spearmint 394.80519 338.70130 483.11688 413.50649 
couque_white 593.24675 78.96104 744.93506 526.75325 
tuna 876.88312 123.63636 1130.38961 281.55844 
jjolbyung_ori 754.28571 322.07792 1229.09091 584.93506 
jjolbyung_noodle 800.00000 619.22078 1248.83117 888.31169 
gumi_gumi 495.58442 587.01299 858.18182 863.37662 
chocopie 257.66234 560.00000 480.00000 945.45455 
couque_coffee 3.11688 518.44156 311.68831 916.36364 
