juicyfresh 367.79221 156.88312 442.59740 353.24675 
spearmint 493.50649 189.09091 581.81818 389.61039 
couque_coffee 413.50649 4.15584 843.63636 175.58442 
jjolbyung_ori 907.01299 32.20779 1207.27273 470.64935 
jjolbyung_noodle 910.12987 456.10390 1163.63636 859.22078 
gumi_gumi 568.31169 579.74026 908.05195 861.29870 
chocopie 289.87013 575.58442 575.58442 939.22078 
diget_choco 253.50649 378.18182 581.81818 578.70130 
couque_white 604.67532 154.80519 727.27273 568.31169 
tuna 779.22078 176.62338 942.33766 423.89610 
