couque_white 32.20779 171.42857 323.11688 546.49351 
couque_coffee 322.07792 163.11688 579.74026 544.41558 
juicyfresh 589.09091 178.70130 643.11688 383.37662 
spearmint 643.11688 212.98701 689.87013 405.19481 
diget_choco 727.27273 11.42857 923.63636 336.62338 
jjolbyung_ori 904.93506 171.42857 1198.96104 596.36364 
jjolbyung_noodle 648.31169 660.77922 1061.81818 926.75325 
tuna 682.59740 467.53247 912.20779 688.83117 
gumi_gumi 367.79221 557.92208 645.19481 919.48052 
chocopie 28.05195 568.31169 349.09091 942.33766 
