couque_white 141.29870 130.90909 519.48052 287.79221 
couque_coffee 151.68831 273.24675 525.71429 410.38961 
spearmint 608.83117 115.32468 684.67532 322.07792 
diget_choco 676.36364 130.90909 900.77922 365.71429 
jjolbyung_ori 893.50649 34.28571 1169.87013 463.37662 
jjolbyung_noodle 885.19481 477.92208 1156.36364 899.74026 
tuna 636.88312 445.71429 867.53247 671.16883 
juicyfresh 640.00000 736.62338 844.67532 846.75325 
gumi_gumi 334.54545 525.71429 612.98701 907.01299 
chocopie 20.77922 565.19481 354.28571 945.45455 
