couque_white 28.05195 21.81818 496.62338 225.45455 
couque_coffee 83.11688 238.96104 543.37662 379.22078 
spearmint 605.71429 127.79221 682.59740 321.03896 
diget_choco 691.94805 108.05195 891.42857 424.93506 
jjolbyung_ori 905.97403 23.89610 1169.87013 454.02597 
jjolbyung_noodle 861.29870 469.61039 1149.09091 877.92208 
tuna 697.14286 429.09091 840.51948 658.70130 
juicyfresh 636.88312 769.87013 837.40260 840.51948 
gumi_gumi 331.42857 524.67532 627.53247 885.19481 
chocopie 58.18182 538.18182 295.06494 918.44156 
