couque_white 161.03896 171.42857 388.57143 505.97403 
couque_coffee 397.92208 368.83117 708.57143 493.50649 
spearmint 617.14286 118.44156 683.63636 329.35065 
diget_choco 702.33766 69.61039 895.58442 400.00000 
jjolbyung_ori 878.96104 39.48052 1145.97403 472.72727 
jjolbyung_noodle 881.03896 456.10390 1139.74026 881.03896 
tuna 656.62338 511.16883 890.38961 743.89610 
juicyfresh 636.88312 765.71429 834.28571 848.83117 
gumi_gumi 324.15584 516.36364 623.37662 911.16883 
chocopie 55.06494 528.83117 299.22078 948.57143 
