couque_white 136.10390 46.75325 330.38961 496.62338 
couque_coffee 377.14286 62.33766 652.46753 467.53247 
spearmint 645.19481 126.75325 707.53247 335.58442 
diget_choco 744.93506 93.50649 958.96104 425.97403 
jjolbyung_ori 921.55844 32.20779 1168.83117 474.80519 
jjolbyung_noodle 873.76623 460.25974 1127.27273 880.00000 
tuna 588.05195 567.27273 822.85714 716.88312 
juicyfresh 620.25974 786.49351 827.01299 865.45455 
gumi_gumi 331.42857 518.44156 616.10390 891.42857 
chocopie 42.59740 554.80519 325.19481 897.66234 
