couque_white 129.87013 41.55844 327.27273 485.19481 
couque_coffee 368.83117 60.25974 638.96104 450.90909 
diget_choco 664.93506 114.28571 874.80519 454.02597 
jjolbyung_ori 890.38961 11.42857 1176.10390 477.92208 
jjolbyung_noodle 863.37662 458.18182 1181.29870 900.77922 
spearmint 623.37662 495.58442 820.77922 555.84416 
tuna 592.20779 564.15584 819.74026 711.68831 
juicyfresh 622.33766 781.29870 829.09091 862.33766 
gumi_gumi 317.92208 518.44156 621.29870 887.27273 
chocopie 46.75325 548.57143 326.23377 870.64935 
