couque_coffee 45.71429 20.77922 341.81818 420.77922 
diget_choco 323.11688 95.58442 553.76623 339.74026 
jjolbyung_ori 582.85714 16.62338 840.51948 455.06494 
couque_white 845.71429 0.00000 1162.59740 389.61039 
jjolbyung_noodle 845.71429 442.59740 1124.15584 872.72727 
spearmint 609.87013 432.20779 829.09091 491.42857 
tuna 611.94805 488.31169 836.36364 715.84416 
juicyfresh 609.87013 736.62338 812.46753 809.35065 
gumi_gumi 301.29870 504.93506 578.70130 877.92208 
chocopie 30.12987 562.07792 284.67532 954.80519 
