couque_coffee 52.98701 25.97403 344.93506 413.50649 
diget_choco 335.58442 71.68831 531.94805 401.03896 
jjolbyung_ori 499.74026 65.45455 964.15584 242.07792 
couque_white 901.81818 44.67532 1230.12987 449.87013 
jjolbyung_noodle 870.64935 458.18182 1164.67532 876.88312 
tuna 594.28571 440.51948 835.32468 556.88312 
spearmint 637.92208 651.42857 831.16883 707.53247 
juicyfresh 628.57143 748.05195 827.01299 812.46753 
gumi_gumi 323.11688 500.77922 625.45455 875.84416 
chocopie 50.90909 508.05195 334.54545 876.88312 
jjolbyung_noodle 50.90909 508.05195 334.54545 876.88312 
