couque_coffee 60.25974 107.01299 357.40260 498.70130 
diget_choco 345.97403 135.06494 560.00000 462.33766 
jjolbyung_ori 536.10390 151.68831 965.19481 360.51948 
couque_white 939.22078 25.97403 1223.89610 413.50649 
jjolbyung_noodle 852.98701 443.63636 1177.14286 870.64935 
tuna 596.36364 435.32468 832.20779 563.11688 
spearmint 634.80519 645.19481 834.28571 710.64935 
juicyfresh 631.68831 747.01299 831.16883 811.42857 
gumi_gumi 326.23377 508.05195 624.41558 877.92208 
chocopie 50.90909 516.36364 341.81818 891.42857 
jjolbyung_noodle 50.90909 516.36364 341.81818 891.42857 
