couque_coffee 40.51948 98.70130 330.38961 490.38961 
diget_choco 325.19481 139.22078 502.85714 466.49351 
jjolbyung_ori 492.46753 82.07792 943.37662 397.92208 
couque_white 896.62338 131.94805 1276.88312 448.83117 
tuna 672.20779 425.97403 913.24675 647.27273 
jjolbyung_noodle 801.03896 614.02597 1218.70130 901.81818 
spearmint 544.41558 721.03896 749.09091 805.19481 
juicyfresh 515.32468 813.50649 728.31169 910.12987 
chocopie 276.36364 467.53247 635.84416 735.58442 
gumi_gumi 139.22078 700.25974 513.24675 960.00000 
