diget_choco 45.71429 27.01299 258.70130 376.10390 
couque_coffee 257.66234 0.00000 449.87013 442.59740 
jjolbyung_ori 441.55844 108.05195 888.31169 381.29870 
couque_white 876.88312 138.18182 1280.00000 443.63636 
jjolbyung_noodle 918.44156 452.98701 1241.55844 878.96104 
tuna 599.48052 416.62338 832.20779 647.27273 
juicyfresh 621.29870 689.87013 700.25974 885.19481 
spearmint 764.67532 684.67532 871.68831 892.46753 
chocopie 105.97403 462.33766 520.51948 680.51948 
gumi_gumi 149.61039 701.29870 512.20779 960.00000 
