jjolbyung_ori 12.46753 85.19481 281.55844 520.51948 
couque_coffee 270.12987 92.46753 478.96104 416.62338 
diget_choco 485.19481 30.12987 704.41558 281.55844 
tuna 642.07792 333.50649 875.84416 439.48052 
couque_white 929.87013 95.58442 1154.28571 547.53247 
juicyfresh 627.53247 492.46753 829.09091 563.11688 
spearmint 658.70130 579.74026 863.37662 655.58442 
chocopie 252.46753 498.70130 587.01299 733.50649 
gumi_gumi 437.40260 651.42857 777.14286 934.02597 
jjolbyung_noodle 776.10390 647.27273 1195.84416 945.45455 
