jjolbyung_ori 108.05195 41.55844 372.98701 481.03896 
couque_coffee 376.10390 12.46753 529.87013 429.09091 
diget_choco 645.19481 91.42857 975.58442 290.90909 
tuna 760.51948 304.41558 984.93506 436.36364 
couque_white 955.84416 192.20779 1260.25974 577.66234 
juicyfresh 623.37662 496.62338 832.20779 558.96104 
spearmint 653.50649 570.38961 867.53247 645.19481 
jjolbyung_noodle 686.75325 618.18182 1110.64935 885.19481 
gumi_gumi 309.61039 601.55844 670.12987 909.09091 
chocopie 176.62338 455.06494 570.38961 681.55844 
