couque_coffee 40.51948 50.90909 333.50649 440.51948 
jjolbyung_ori 357.40260 4.15584 638.96104 449.87013 
tuna 621.29870 221.29870 844.67532 446.75325 
diget_choco 847.79221 168.31169 1205.19481 363.63636 
couque_white 842.59740 382.33766 1231.16883 644.15584 
juicyfresh 625.45455 508.05195 821.81818 572.46753 
spearmint 638.96104 567.27273 837.40260 625.45455 
jjolbyung_noodle 672.20779 620.25974 1102.33766 920.51948 
gumi_gumi 315.84416 596.36364 672.20779 910.12987 
chocopie 175.58442 463.37662 557.92208 681.55844 
