couque_white 146.49351 74.80519 429.09091 466.49351 
couque_coffee 429.09091 116.36364 700.25974 496.62338 
jjolbyung_ori 717.92208 60.25974 1191.68831 347.01299 
tuna 838.44156 383.37662 995.32468 619.22078 
diget_choco 978.70130 336.62338 1189.61039 664.93506 
juicyfresh 617.14286 495.58442 823.89610 563.11688 
spearmint 632.72727 556.88312 831.16883 628.57143 
gumi_gumi 315.84416 600.51948 673.24675 884.15584 
jjolbyung_noodle 696.10390 646.23377 1110.64935 938.18182 
chocopie 24.93506 560.00000 310.64935 920.51948 
gumi_gumi 24.93506 560.00000 310.64935 920.51948 
couque_white 24.93506 560.00000 310.64935 920.51948 
