couque_white 76.88312 103.89610 381.29870 497.66234 
diget_choco 350.12987 201.55844 680.51948 405.19481 
gumi_gumi 649.35065 93.50649 939.22078 433.24675 
jjolbyung_ori 885.19481 192.20779 1277.92208 433.24675 
tuna 827.01299 436.36364 1059.74026 657.66234 
couque_coffee 388.57143 414.54545 782.33766 686.75325 
jjolbyung_noodle 672.20779 659.74026 1082.59740 928.83117 
juicyfresh 405.19481 701.29870 605.71429 794.80519 
spearmint 393.76623 782.33766 605.71429 901.81818 
chocopie 23.89610 556.88312 315.84416 922.59740 
