couque_white 37.40260 89.35065 356.36364 486.23377 
couque_coffee 389.61039 395.84416 784.41558 678.44156 
diget_choco 330.38961 146.49351 576.62338 379.22078 
gumi_gumi 548.57143 32.20779 835.32468 406.23377 
jjolbyung_ori 822.85714 196.36364 1265.45455 458.18182 
tuna 836.36364 490.38961 1071.16883 620.25974 
jjolbyung_noodle 627.53247 661.81818 1046.23377 934.02597 
juicyfresh 400.00000 701.29870 596.36364 789.61039 
spearmint 403.11688 796.88312 607.79221 883.11688 
chocopie 10.38961 553.76623 330.38961 917.40260 
