couque_white 63.37662 13.50649 376.10390 415.58442 
diget_choco 342.85714 142.33766 583.89610 387.53247 
gumi_gumi 553.76623 50.90909 899.74026 320.00000 
couque_coffee 884.15584 85.19481 1280.00000 364.67532 
jjolbyung_ori 834.28571 343.89610 1240.51948 652.46753 
jjolbyung_noodle 553.76623 326.23377 820.77922 739.74026 
tuna 919.48052 682.59740 1161.55844 917.40260 
spearmint 390.64935 788.57143 606.75325 888.31169 
juicyfresh 433.24675 565.19481 514.28571 764.67532 
chocopie 146.49351 487.27273 395.84416 861.29870 
