couque_white 69.61039 20.77922 381.29870 411.42857 
gumi_gumi 446.75325 0.00000 816.62338 268.05195 
couque_coffee 850.90909 203.63636 1131.42857 600.51948 
tuna 917.40260 680.51948 1164.67532 918.44156 
jjolbyung_ori 405.19481 271.16883 834.28571 549.61039 
diget_choco 470.64935 540.25974 816.62338 735.58442 
juicyfresh 591.16883 735.58442 791.68831 809.35065 
spearmint 588.05195 808.31169 794.80519 888.31169 
jjolbyung_noodle 44.67532 677.40260 472.72727 956.88312 
chocopie 5.19481 483.11688 407.27273 707.53247 
