couque_white 64.41558 19.74026 374.02597 419.74026 
jjolbyung_ori 398.96104 259.74026 805.19481 553.76623 
gumi_gumi 497.66234 4.15584 844.67532 300.25974 
couque_coffee 838.44156 50.90909 1110.64935 440.51948 
chocopie 785.45455 448.83117 1127.27273 649.35065 
diget_choco 482.07792 523.63636 817.66234 734.54545 
juicyfresh 593.24675 736.62338 798.96104 819.74026 
spearmint 589.09091 807.27273 794.80519 889.35065 
tuna 881.03896 662.85714 1127.27273 898.70130 
jjolbyung_noodle 35.32468 659.74026 465.45455 960.00000 
