jjolbyung_ori 127.79221 2.07792 579.74026 286.75325 
couque_coffee 127.79221 253.50649 577.66234 431.16883 
gumi_gumi 583.89610 121.55844 958.96104 398.96104 
diget_choco 618.18182 395.84416 835.32468 712.72727 
chocopie 898.70130 369.87013 1270.64935 591.16883 
tuna 886.23377 579.74026 1138.70130 805.19481 
spearmint 680.51948 735.58442 747.01299 934.02597 
juicyfresh 548.57143 724.15584 615.06494 937.14286 
couque_white 113.24675 421.81818 527.79221 704.41558 
jjolbyung_noodle 43.63636 675.32468 465.45455 960.00000 
