diget_choco 103.89610 114.28571 395.84416 356.36364 
gumi_gumi 456.10390 151.68831 822.85714 434.28571 
chocopie 837.40260 179.74026 1247.79221 398.96104 
jjolbyung_ori 870.64935 406.23377 1280.00000 576.62338 
couque_coffee 508.05195 462.33766 943.37662 634.80519 
tuna 902.85714 577.66234 1144.93506 806.23377 
spearmint 687.79221 696.10390 753.24675 895.58442 
juicyfresh 568.31169 683.63636 644.15584 890.38961 
couque_white 15.58442 497.66234 487.27273 629.61039 
jjolbyung_noodle 73.76623 649.35065 500.77922 908.05195 
