diget_choco 170.38961 25.97403 359.48052 361.55844 
gumi_gumi 421.81818 29.09091 833.24675 348.05195 
chocopie 845.71429 78.96104 1227.01299 359.48052 
jjolbyung_ori 811.42857 396.88312 1223.89610 657.66234 
couque_coffee 546.49351 326.23377 803.11688 700.25974 
juicyfresh 574.54545 700.25974 647.27273 895.58442 
spearmint 670.12987 698.18182 771.94805 905.97403 
tuna 810.38961 670.12987 1041.03896 917.40260 
jjolbyung_noodle 69.61039 643.11688 503.89610 932.98701 
couque_white 51.94805 366.75325 465.45455 629.61039 
