couque_white 0.00000 84.15584 229.61039 525.71429 
diget_choco 232.72727 124.67532 448.83117 450.90909 
gumi_gumi 444.67532 11.42857 839.48052 294.02597 
chocopie 855.06494 52.98701 1161.55844 430.12987 
jjolbyung_ori 806.23377 408.31169 1233.24675 667.01299 
couque_coffee 402.07792 402.07792 828.05195 547.53247 
jjolbyung_noodle 45.71429 601.55844 492.46753 883.11688 
juicyfresh 515.32468 694.02597 598.44156 911.16883 
spearmint 632.72727 681.55844 716.88312 900.77922 
tuna 796.88312 673.24675 1067.01299 904.93506 
