chocopie 46.75325 57.14286 338.70130 428.05195 
diget_choco 321.03896 127.79221 507.01299 466.49351 
gumi_gumi 458.18182 11.42857 840.51948 320.00000 
couque_white 886.23377 0.00000 1184.41558 387.53247 
couque_coffee 476.88312 349.09091 889.35065 642.07792 
jjolbyung_ori 846.75325 414.54545 1278.96104 705.45455 
tuna 769.87013 698.18182 1003.63636 934.02597 
spearmint 638.96104 673.24675 723.11688 895.58442 
juicyfresh 530.90909 690.90909 601.55844 909.09091 
jjolbyung_noodle 123.63636 458.18182 392.72727 888.31169 
