chocopie 35.32468 54.02597 330.38961 413.50649 
diget_choco 298.18182 132.98701 501.81818 467.53247 
gumi_gumi 532.98701 7.27273 843.63636 362.59740 
couque_white 885.19481 4.15584 1175.06494 388.57143 
jjolbyung_ori 837.40260 412.46753 1278.96104 707.53247 
couque_coffee 469.61039 371.94805 872.72727 658.70130 
jjolbyung_noodle 121.55844 463.37662 412.46753 861.29870 
juicyfresh 457.14286 677.40260 542.33766 886.23377 
spearmint 587.01299 683.63636 653.50649 894.54545 
tuna 683.63636 676.36364 915.32468 913.24675 
