chocopie 7.27273 20.77922 290.90909 416.62338 
diget_choco 271.16883 43.63636 509.09091 404.15584 
gumi_gumi 554.80519 77.92208 916.36364 376.10390 
couque_white 923.63636 39.48052 1238.44156 428.05195 
jjolbyung_ori 967.27273 482.07792 1258.18182 938.18182 
tuna 739.74026 685.71429 973.50649 914.28571 
couque_coffee 542.33766 370.90909 942.33766 671.16883 
jjolbyung_noodle 97.66234 401.03896 512.20779 681.55844 
juicyfresh 457.14286 674.28571 535.06494 890.38961 
spearmint 566.23377 679.48052 664.93506 896.62338 
juicyfresh 566.23377 679.48052 664.93506 896.62338 
tuna 566.23377 679.48052 664.93506 896.62338 
