diget_choco 151.68831 108.05195 361.55844 434.28571 
chocopie 412.46753 154.80519 627.53247 526.75325 
couque_coffee 660.77922 0.00000 932.98701 363.63636 
couque_white 945.45455 52.98701 1235.32468 443.63636 
gumi_gumi 622.33766 376.10390 957.92208 667.01299 
juicyfresh 460.25974 667.01299 678.44156 748.05195 
spearmint 476.88312 782.33766 678.44156 864.41558 
jjolbyung_noodle 110.12987 488.31169 413.50649 900.77922 
tuna 726.23377 660.77922 956.88312 897.66234 
jjolbyung_ori 955.84416 482.07792 1260.25974 921.55844 
