jjolbyung_ori 127.79221 20.77922 418.70130 472.72727 
jjolbyung_noodle 122.59740 483.11688 410.38961 899.74026 
chocopie 409.35065 150.64935 623.37662 524.67532 
juicyfresh 462.33766 667.01299 670.12987 748.05195 
spearmint 466.49351 786.49351 677.40260 863.37662 
diget_choco 713.76623 658.70130 1059.74026 842.59740 
couque_white 1061.81818 416.62338 1278.96104 855.06494 
gumi_gumi 626.49351 370.90909 969.35065 668.05195 
tuna 684.67532 280.51948 911.16883 397.92208 
couque_coffee 668.05195 23.89610 1059.74026 295.06494 
