jjolbyung_ori 93.50649 9.35065 398.96104 462.33766 
chocopie 404.15584 0.00000 663.89610 365.71429 
couque_coffee 725.19481 5.19481 1118.96104 290.90909 
gumi_gumi 674.28571 302.33766 951.68831 669.09091 
couque_white 954.80519 375.06494 1241.55844 768.83117 
diget_choco 677.40260 665.97403 1006.75325 854.02597 
jjolbyung_noodle 271.16883 411.42857 697.14286 688.83117 
spearmint 408.31169 741.81818 607.79221 830.12987 
juicyfresh 485.19481 661.81818 679.48052 760.51948 
tuna 75.84416 530.90909 260.77922 774.02597 
