jjolbyung_ori 0.00000 123.63636 261.81818 569.35065 
gumi_gumi 254.54545 3.11688 564.15584 358.44156 
jjolbyung_noodle 271.16883 335.58442 646.23377 783.37662 
chocopie 568.31169 94.54545 835.32468 462.33766 
couque_coffee 829.09091 94.54545 1250.90909 411.42857 
couque_white 812.46753 411.42857 1202.07792 707.53247 
diget_choco 659.74026 648.31169 880.00000 909.09091 
juicyfresh 910.12987 714.80519 1125.19481 821.81818 
spearmint 444.67532 756.36364 645.19481 837.40260 
tuna 112.20779 618.18182 363.63636 849.87013 
