chocopie 98.70130 107.01299 352.20779 483.11688 
gumi_gumi 314.80519 7.27273 600.51948 323.11688 
jjolbyung_ori 563.11688 124.67532 831.16883 567.27273 
couque_coffee 858.18182 94.54545 1272.72727 405.19481 
couque_white 836.36364 530.90909 1280.00000 684.67532 
juicyfresh 901.81818 729.35065 1114.80519 803.11688 
diget_choco 617.14286 553.76623 798.96104 886.23377 
spearmint 427.01299 753.24675 615.06494 841.55844 
jjolbyung_noodle 352.20779 340.77922 593.24675 768.83117 
tuna 99.74026 621.29870 366.75325 866.49351 
