chocopie 87.27273 118.44156 330.38961 498.70130 
jjolbyung_noodle 328.31169 347.01299 622.33766 787.53247 
tuna 103.89610 597.40260 357.40260 848.83117 
diget_choco 649.35065 589.09091 871.68831 872.72727 
gumi_gumi 317.92208 2.07792 612.98701 329.35065 
jjolbyung_ori 619.22078 59.22078 858.18182 494.54545 
couque_coffee 887.27273 75.84416 1133.50649 517.40260 
couque_white 875.84416 531.94805 1274.80519 741.81818 
juicyfresh 883.11688 710.64935 1090.90909 794.80519 
spearmint 423.89610 783.37662 626.49351 859.22078 
