chocopie 16.62338 108.05195 356.36364 497.66234 
gumi_gumi 371.94805 0.00000 644.15584 353.24675 
jjolbyung_ori 632.72727 38.44156 907.01299 494.54545 
couque_coffee 914.28571 148.57143 1280.00000 408.31169 
couque_white 900.77922 473.76623 1280.00000 726.23377 
juicyfresh 873.76623 741.81818 1076.36364 827.01299 
diget_choco 653.50649 514.28571 883.11688 845.71429 
jjolbyung_noodle 363.63636 362.59740 638.96104 770.90909 
tuna 182.85714 593.24675 351.16883 841.55844 
spearmint 422.85714 782.33766 627.53247 859.22078 
