jjolbyung_ori 72.72727 70.64935 369.87013 514.28571 
jjolbyung_noodle 717.92208 80.00000 1175.06494 380.25974 
spearmint 418.70130 132.98701 629.61039 232.72727 
chocopie 306.49351 314.80519 621.29870 546.49351 
gumi_gumi 224.41558 508.05195 587.01299 791.68831 
juicyfresh 262.85714 789.61039 480.00000 877.92208 
tuna 870.64935 452.98701 1106.49351 680.51948 
ID_gum 844.67532 715.84416 1085.71429 855.06494 
samdasu 630.64935 286.75325 818.70130 852.98701 
chocopie 630.64935 286.75325 818.70130 852.98701 
