ID_gum 216.10390 156.88312 462.33766 315.84416 
juicyfresh 534.02597 155.84416 739.74026 221.29870 
spearmint 830.12987 129.87013 1041.03896 206.75325 
samdasu 966.23377 332.46753 1163.63636 887.27273 
gumi_gumi 640.00000 257.66234 922.59740 619.22078 
tuna 454.02597 340.77922 698.18182 463.37662 
jjolbyung_ori 225.45455 360.51948 508.05195 807.27273 
jjolbyung_noodle 501.81818 635.84416 926.75325 916.36364 
chocopie 3.11688 416.62338 244.15584 792.72727 
samdasu 3.11688 416.62338 244.15584 792.72727 
gumi_gumi 3.11688 416.62338 244.15584 792.72727 
