juicyfresh 360.51948 72.72727 563.11688 151.68831 
spearmint 360.51948 184.93506 569.35065 253.50649 
ID_gum 718.96104 131.94805 963.11688 306.49351 
tuna 946.49351 40.51948 1192.72727 280.51948 
samdasu 994.28571 270.12987 1205.19481 835.32468 
gumi_gumi 561.03896 302.33766 938.18182 605.71429 
jjolbyung_ori 80.00000 312.72727 554.80519 605.71429 
chocopie 210.90909 628.57143 588.05195 855.06494 
jjolbyung_noodle 582.85714 594.28571 988.05195 868.57143 
diget_choco 582.85714 594.28571 988.05195 868.57143 
chocopie 582.85714 594.28571 988.05195 868.57143 
