vita500 180.77922 70.64935 576.62338 219.22078 
juicyfresh 646.23377 94.54545 866.49351 172.46753 
ID_gum 876.88312 91.42857 1122.07792 269.09091 
cidar 803.11688 303.37662 1204.15584 464.41558 
welchs 615.06494 294.02597 806.23377 637.92208 
coke 800.00000 471.68831 1185.45455 635.84416 
tuna 813.50649 659.74026 1068.05195 912.20779 
spearmint 304.41558 265.97403 524.67532 341.81818 
diget_choco 322.07792 326.23377 534.02597 665.97403 
samdasu 78.96104 204.67532 274.28571 794.80519 
welchs 78.96104 204.67532 274.28571 794.80519 
tuna 78.96104 204.67532 274.28571 794.80519 
coke 78.96104 204.67532 274.28571 794.80519 
