cidar 51.94805 27.01299 480.00000 193.24675 
coke 73.76623 263.89610 466.49351 428.05195 
tuna 140.25974 414.54545 324.15584 642.07792 
spearmint 398.96104 539.22078 484.15584 744.93506 
ID_gum 528.83117 51.94805 767.79221 220.25974 
juicyfresh 840.51948 143.37662 1054.54545 238.96104 
vita500 784.41558 234.80519 1169.87013 368.83117 
diget_choco 736.62338 524.67532 921.55844 856.10390 
samdasu 547.53247 307.53247 733.50649 882.07792 
welchs 924.67532 588.05195 1274.80519 785.45455 
cidar 924.67532 588.05195 1274.80519 785.45455 
diget_choco 924.67532 588.05195 1274.80519 785.45455 
