diget_choco 3.11688 2.07792 380.25974 218.18182 
juicyfresh 707.53247 60.25974 927.79221 123.63636 
welchs 657.66234 99.74026 1003.63636 308.57143 
ID_gum 941.29870 259.74026 1186.49351 397.92208 
vita500 788.57143 374.02597 1172.98701 501.81818 
coke 813.50649 757.40260 1196.88312 909.09091 
spearmint 582.85714 433.24675 776.10390 592.20779 
tuna 340.77922 272.20779 497.66234 519.48052 
samdasu 11.42857 388.57143 330.38961 955.84416 
homerunball 11.42857 388.57143 330.38961 955.84416 
cidar 812.46753 588.05195 1232.20779 741.81818 
