diget_choco 129.87013 55.06494 425.97403 417.66234 
welchs 505.97403 101.81818 856.10390 311.68831 
juicyfresh 717.92208 93.50649 922.59740 146.49351 
ID_gum 970.38961 151.68831 1137.66234 359.48052 
vita500 908.05195 348.05195 1110.64935 486.23377 
tuna 355.32468 325.19481 582.85714 568.31169 
spearmint 574.54545 457.14286 765.71429 580.77922 
cidar 818.70130 607.79221 1255.06494 767.79221 
coke 378.18182 792.72727 748.05195 940.25974 
samdasu 0.00000 531.94805 548.57143 870.64935 
diget_ori 0.00000 531.94805 548.57143 870.64935 
