diget_choco 66.49351 163.11688 459.22078 486.23377 
tuna 400.00000 68.57143 642.07792 308.57143 
welchs 717.92208 72.72727 923.63636 425.97403 
ID_gum 866.49351 173.50649 1023.37662 419.74026 
juicyfresh 1036.88312 149.61039 1158.44156 359.48052 
vita500 786.49351 404.15584 1168.83117 521.55844 
cidar 798.96104 523.63636 1215.58442 695.06494 
spearmint 571.42857 452.98701 774.02597 564.15584 
coke 405.19481 556.88312 762.59740 711.68831 
samdasu 191.16883 711.68831 754.28571 882.07792 
welchs 191.16883 711.68831 754.28571 882.07792 
