zec 29.09091 156.88312 723.11688 339.74026 
homerunball 726.23377 61.29870 1268.57143 379.22078 
couque_coffee 588.05195 431.16883 976.62338 688.83117 
chocopie 96.62338 421.81818 474.80519 687.79221 
buttering 80.00000 698.18182 671.16883 923.63636 
couque_white 658.70130 686.75325 1035.84416 960.00000 
juicyfresh 962.07792 467.53247 1021.29870 674.28571 
spearmint 1015.06494 454.02597 1083.63636 660.77922 
ID_gum 1065.97403 459.22078 1216.62338 685.71429 
juicyfresh 1065.97403 459.22078 1216.62338 685.71429 
couque_coffee 1065.97403 459.22078 1216.62338 685.71429 
