homerunball 269.09091 0.00000 561.03896 503.89610 
zec 571.42857 127.79221 1250.90909 290.90909 
chocopie 73.76623 511.16883 445.71429 763.63636 
couque_coffee 510.12987 566.23377 928.83117 734.54545 
juicyfresh 918.44156 460.25974 999.48052 682.59740 
spearmint 999.48052 460.25974 1078.44156 675.32468 
ID_gum 1069.09091 468.57143 1230.12987 699.22078 
couque_white 692.98701 761.55844 1132.46753 948.57143 
buttering 61.29870 737.66234 649.35065 930.90909 
couque_coffee 61.29870 737.66234 649.35065 930.90909 
