homerunball 151.68831 0.00000 414.54545 522.59740 
zec 573.50649 113.24675 1251.94805 285.71429 
juicyfresh 900.77922 435.32468 968.31169 631.68831 
spearmint 973.50649 419.74026 1072.20779 625.45455 
ID_gum 1072.20779 396.88312 1250.90909 631.68831 
buttering 549.61039 365.71429 701.29870 951.68831 
couque_white 709.61039 660.77922 1112.72727 929.87013 
ID_gum 709.61039 660.77922 1112.72727 929.87013 
chocopie 0.00000 536.10390 254.54545 921.55844 
couque_coffee 241.03896 548.57143 529.87013 940.25974 
