homerunball 29.09091 121.55844 548.57143 387.53247 
zec 585.97403 116.36364 1245.71429 275.32468 
ID_gum 1079.48052 400.00000 1249.87013 631.68831 
spearmint 994.28571 417.66234 1058.70130 621.29870 
juicyfresh 909.09091 429.09091 969.35065 632.72727 
buttering 736.62338 360.51948 905.97403 951.68831 
couque_white 518.44156 521.55844 699.22078 960.00000 
couque_coffee 336.62338 518.44156 518.44156 960.00000 
chocopie 83.11688 528.83117 315.84416 909.09091 
buttering 83.11688 528.83117 315.84416 909.09091 
juicyfresh 83.11688 528.83117 315.84416 909.09091 
