homerunball 73.76623 184.93506 561.03896 428.05195 
couque_coffee 314.80519 486.23377 565.19481 880.00000 
chocopie 31.16883 557.92208 310.64935 910.12987 
couque_white 561.03896 480.00000 701.29870 916.36364 
buttering 702.33766 327.27273 908.05195 894.54545 
ID_gum 918.44156 329.35065 1058.70130 577.66234 
spearmint 917.40260 572.46753 1016.10390 770.90909 
juicyfresh 900.77922 775.06494 1088.83117 856.10390 
zec 1054.54545 85.19481 1260.25974 739.74026 
buttering 1054.54545 85.19481 1260.25974 739.74026 
homerunball 1054.54545 85.19481 1260.25974 739.74026 
