homerunball 156.88312 206.75325 669.09091 490.38961 
zec 11.42857 37.40260 682.59740 208.83117 
couque_white 685.71429 50.90909 1072.20779 318.96104 
buttering 622.33766 495.58442 1217.66234 660.77922 
couque_coffee 300.25974 501.81818 579.74026 859.22078 
chocopie 31.16883 554.80519 315.84416 922.59740 
spearmint 602.59740 641.03896 702.33766 836.36364 
juicyfresh 757.40260 667.01299 821.81818 896.62338 
ID_gum 872.72727 651.42857 1007.79221 880.00000 
juicyfresh 872.72727 651.42857 1007.79221 880.00000 
