couque_white 144.41558 33.24675 505.97403 236.88312 
zec 548.57143 65.45455 1233.24675 244.15584 
homerunball 89.35065 258.70130 581.81818 538.18182 
chocopie 61.29870 574.54545 302.33766 937.14286 
couque_coffee 359.48052 553.76623 642.07792 932.98701 
buttering 668.05195 359.48052 866.49351 936.10390 
juicyfresh 896.62338 616.10390 966.23377 808.31169 
spearmint 898.70130 487.27273 1109.61039 562.07792 
ID_gum 971.42857 282.59740 1202.07792 449.87013 
couque_coffee 971.42857 282.59740 1202.07792 449.87013 
