homerunball 28.05195 102.85714 550.64935 412.46753 
zec 513.24675 0.00000 1179.22078 174.54545 
buttering 999.48052 234.80519 1233.24675 828.05195 
ID_gum 683.63636 233.76623 939.22078 423.89610 
spearmint 647.27273 407.27273 750.12987 609.87013 
juicyfresh 794.80519 407.27273 921.55844 619.22078 
chocopie 595.32468 623.37662 938.18182 908.05195 
couque_white 118.44156 419.74026 527.79221 680.51948 
couque_coffee 137.14286 689.87013 543.37662 960.00000 
spearmint 137.14286 689.87013 543.37662 960.00000 
