homerunball 54.02597 8.31169 614.02597 297.14286 
zec 642.07792 27.01299 808.31169 695.06494 
juicyfresh 801.03896 423.89610 1008.83117 515.32468 
spearmint 814.54545 590.12987 1016.10390 661.81818 
ID_gum 1055.58442 435.32468 1223.89610 662.85714 
homerunball 1055.58442 435.32468 1223.89610 662.85714 
buttering 102.85714 347.01299 326.23377 918.44156 
couque_coffee 332.46753 306.49351 635.84416 678.44156 
chocopie 345.97403 684.67532 682.59740 942.33766 
couque_white 771.94805 721.03896 1230.12987 930.90909 
