homerunball 20.77922 85.19481 581.81818 378.18182 
couque_white 611.94805 0.00000 792.72727 353.24675 
couque_coffee 809.35065 31.16883 1280.00000 220.25974 
ID_gum 839.48052 310.64935 1091.94805 469.61039 
spearmint 893.50649 475.84416 967.27273 687.79221 
juicyfresh 977.66234 486.23377 1082.59740 694.02597 
chocopie 358.44156 528.83117 727.27273 736.62338 
zec 57.14286 369.87013 750.12987 549.61039 
buttering 528.83117 692.98701 1102.33766 925.71429 
couque_white 528.83117 692.98701 1102.33766 925.71429 
couque_coffee 528.83117 692.98701 1102.33766 925.71429 
