homerunball 0.00000 70.64935 545.45455 419.74026 
couque_white 571.42857 19.74026 831.16883 412.46753 
couque_coffee 851.94805 48.83117 1256.10390 326.23377 
ID_gum 849.87013 323.11688 1086.75325 463.37662 
spearmint 894.54545 481.03896 968.31169 685.71429 
juicyfresh 983.89610 491.42857 1075.32468 687.79221 
zec 264.93506 425.97403 544.41558 656.62338 
chocopie 91.42857 618.18182 472.72727 889.35065 
buttering 490.38961 658.70130 1073.24675 902.85714 
couque_coffee 490.38961 658.70130 1073.24675 902.85714 
