jjolbyung_noodle 2.07792 55.06494 249.35065 475.84416 
jjolbyung_ori 263.89610 21.81818 518.44156 476.88312 
coke 564.15584 42.59740 931.94805 198.44156 
diget_choco 522.59740 229.61039 711.68831 530.90909 
diget_ori 720.00000 263.89610 909.09091 572.46753 
cidar 970.38961 73.76623 1141.81818 485.19481 
couque_white 38.44156 600.51948 447.79221 878.96104 
couque_coffee 470.64935 609.87013 844.67532 890.38961 
spearmint 937.14286 594.28571 1152.20779 709.61039 
juicyfresh 903.89610 647.27273 1122.07792 784.41558 
