diget_ori 0.00000 183.89610 194.28571 535.06494 
jjolbyung_ori 187.01299 157.92208 463.37662 569.35065 
jjolbyung_noodle 432.20779 208.83117 707.53247 622.33766 
cidar 601.55844 54.02597 1009.87013 232.72727 
diget_ori 857.14286 268.05195 1046.23377 595.32468 
coke 1047.27273 145.45455 1196.88312 517.40260 
spearmint 927.79221 629.61039 1143.89610 703.37662 
juicyfresh 909.09091 759.48052 1134.54545 856.10390 
couque_coffee 485.19481 607.79221 863.37662 888.31169 
couque_white 40.51948 610.90909 438.44156 890.38961 
