jjolbyung_ori 58.18182 165.19481 332.46753 593.24675 
couque_white 24.93506 602.59740 408.31169 883.11688 
couque_coffee 483.11688 609.87013 875.84416 876.88312 
diget_choco 332.46753 223.37662 498.70130 548.57143 
jjolbyung_noodle 484.15584 178.70130 751.16883 607.79221 
diget_ori 858.18182 251.42857 1053.50649 578.70130 
coke 1045.19481 171.42857 1191.68831 539.22078 
spearmint 937.14286 632.72727 1131.42857 710.64935 
juicyfresh 916.36364 760.51948 1130.38961 849.87013 
cidar 618.18182 17.66234 1030.64935 182.85714 
