diget_choco 60.25974 170.38961 298.18182 505.97403 
jjolbyung_ori 274.28571 96.62338 520.51948 551.68831 
jjolbyung_noodle 485.19481 202.59740 767.79221 604.67532 
diget_ori 761.55844 270.12987 953.76623 590.12987 
coke 1038.96104 171.42857 1189.61039 546.49351 
spearmint 927.79221 638.96104 1132.46753 699.22078 
juicyfresh 914.28571 766.75325 1120.00000 840.51948 
couque_coffee 435.32468 692.98701 870.64935 883.11688 
couque_white 16.62338 600.51948 420.77922 886.23377 
cidar 654.54545 23.89610 1069.09091 188.05195 
diget_choco 654.54545 23.89610 1069.09091 188.05195 
