diget_choco 32.20779 177.66234 273.24675 510.12987 
jjolbyung_ori 274.28571 80.00000 548.57143 515.32468 
jjolbyung_noodle 492.46753 191.16883 781.29870 604.67532 
diget_ori 761.55844 264.93506 963.11688 585.97403 
coke 658.70130 31.16883 1038.96104 181.81818 
cidar 1021.29870 170.38961 1189.61039 568.31169 
spearmint 898.70130 607.79221 1118.96104 717.92208 
juicyfresh 893.50649 743.89610 1118.96104 827.01299 
couque_coffee 464.41558 603.63636 854.02597 878.96104 
couque_white 6.23377 603.63636 422.85714 908.05195 
