diget_choco 20.77922 208.83117 268.05195 541.29870 
jjolbyung_ori 151.68831 94.54545 502.85714 570.38961 
jjolbyung_noodle 525.71429 155.84416 792.72727 584.93506 
coke 610.90909 20.77922 989.09091 183.89610 
cidar 978.70130 183.89610 1147.01299 579.74026 
diget_ori 792.72727 265.97403 983.89610 588.05195 
spearmint 902.85714 609.87013 1114.80519 715.84416 
juicyfresh 897.66234 751.16883 1102.33766 824.93506 
couque_coffee 469.61039 626.49351 855.06494 901.81818 
couque_white 0.00000 681.55844 434.28571 863.37662 
