diget_choco 20.77922 210.90909 264.93506 556.88312 
jjolbyung_ori 191.16883 84.15584 493.50649 564.15584 
jjolbyung_noodle 500.77922 188.05195 800.00000 612.98701 
coke 607.79221 40.51948 987.01299 194.28571 
diget_ori 784.41558 262.85714 977.66234 589.09091 
cidar 981.81818 191.16883 1152.20779 595.32468 
spearmint 932.98701 626.49351 1139.74026 711.68831 
juicyfresh 930.90909 751.16883 1142.85714 820.77922 
couque_coffee 436.36364 671.16883 873.76623 857.14286 
couque_white 0.00000 674.28571 432.20779 866.49351 
