diget_choco 62.33766 231.68831 276.36364 567.27273 
jjolbyung_ori 192.20779 88.31169 486.23377 546.49351 
jjolbyung_noodle 393.76623 190.12987 629.61039 630.64935 
coke 633.76623 77.92208 1005.71429 248.31169 
cidar 972.46753 190.12987 1151.16883 596.36364 
diget_ori 792.72727 258.70130 988.05195 593.24675 
couque_white 4.15584 630.64935 397.92208 899.74026 
couque_coffee 442.59740 679.48052 872.72727 866.49351 
juicyfresh 891.42857 656.62338 997.40260 856.10390 
spearmint 1054.54545 645.19481 1135.58442 852.98701 
