diget_choco 57.14286 229.61039 272.20779 563.11688 
jjolbyung_ori 184.93506 88.31169 514.28571 549.61039 
coke 602.59740 34.28571 977.66234 192.20779 
jjolbyung_noodle 560.00000 243.11688 798.96104 643.11688 
diget_ori 774.02597 260.77922 951.68831 592.20779 
cidar 973.50649 221.29870 1139.74026 629.61039 
spearmint 1104.41558 657.66234 1180.25974 880.00000 
juicyfresh 858.18182 705.45455 1069.09091 794.80519 
couque_white 459.22078 637.92208 842.59740 927.79221 
couque_coffee 13.50649 625.45455 416.62338 920.51948 
