diget_choco 24.93506 189.09091 262.85714 521.55844 
jjolbyung_noodle 232.72727 100.77922 475.84416 540.25974 
jjolbyung_ori 395.84416 45.71429 679.48052 490.38961 
diget_ori 658.70130 262.85714 875.84416 593.24675 
cidar 841.55844 121.55844 1028.57143 519.48052 
coke 1022.33766 134.02597 1185.45455 501.81818 
juicyfresh 922.59740 670.12987 1006.75325 871.68831 
spearmint 1037.92208 712.72727 1267.53247 820.77922 
couque_white 458.18182 704.41558 884.15584 891.42857 
couque_coffee 17.66234 637.92208 419.74026 913.24675 
