diget_choco 58.18182 137.14286 320.00000 481.03896 
jjolbyung_noodle 320.00000 80.00000 536.10390 519.48052 
jjolbyung_ori 492.46753 39.48052 754.28571 499.74026 
diget_ori 664.93506 268.05195 884.15584 590.12987 
cidar 861.29870 110.12987 1029.61039 524.67532 
coke 1010.90909 105.97403 1205.19481 477.92208 
juicyfresh 931.94805 654.54545 1007.79221 868.57143 
spearmint 1085.71429 661.81818 1169.87013 867.53247 
couque_white 468.57143 656.62338 891.42857 861.29870 
couque_coffee 0.00000 652.46753 429.09091 824.93506 
