diget_choco 32.20779 152.72727 245.19481 495.58442 
jjolbyung_noodle 220.25974 121.55844 486.23377 548.57143 
jjolbyung_ori 432.20779 43.63636 706.49351 499.74026 
diget_ori 675.32468 261.81818 876.88312 592.20779 
cidar 851.94805 107.01299 1026.49351 511.16883 
coke 1022.33766 103.89610 1180.25974 467.53247 
couque_coffee 64.41558 573.50649 472.72727 857.14286 
couque_white 489.35065 644.15584 915.32468 819.74026 
juicyfresh 943.37662 617.14286 1020.25974 828.05195 
spearmint 1030.64935 672.20779 1248.83117 767.79221 
