diget_choco 32.20779 134.02597 220.25974 470.64935 
jjolbyung_noodle 192.20779 74.80519 434.28571 551.68831 
jjolbyung_ori 351.16883 27.01299 545.45455 531.94805 
diget_ori 604.67532 167.27273 810.38961 499.74026 
cidar 876.88312 98.70130 1058.70130 516.36364 
coke 1052.46753 107.01299 1210.38961 476.88312 
couque_coffee 60.25974 577.66234 469.61039 859.22078 
couque_white 516.36364 577.66234 898.70130 850.90909 
spearmint 979.74026 624.41558 1196.88312 698.18182 
juicyfresh 983.89610 741.81818 1205.19481 819.74026 
