diget_choco 16.62338 113.24675 237.92208 448.83117 
jjolbyung_noodle 296.10390 107.01299 514.28571 538.18182 
jjolbyung_ori 461.29870 33.24675 684.67532 521.55844 
diget_ori 642.07792 173.50649 851.94805 496.62338 
cidar 831.16883 89.35065 1007.79221 495.58442 
coke 963.11688 87.27273 1176.10390 465.45455 
couque_coffee 118.44156 552.72727 521.55844 839.48052 
couque_white 540.25974 651.42857 970.38961 852.98701 
juicyfresh 939.22078 678.44156 1151.16883 756.36364 
spearmint 1143.89610 634.80519 1236.36364 840.51948 
couque_white 1143.89610 634.80519 1236.36364 840.51948 
couque_coffee 1143.89610 634.80519 1236.36364 840.51948 
