diget_choco 71.68831 75.84416 322.07792 418.70130 
jjolbyung_noodle 313.76623 44.67532 571.42857 496.62338 
jjolbyung_ori 518.44156 89.35065 747.01299 514.28571 
diget_ori 714.80519 90.38961 898.70130 422.85714 
cidar 895.58442 69.61039 1067.01299 474.80519 
coke 1059.74026 69.61039 1217.66234 447.79221 
couque_white 630.64935 534.02597 902.85714 917.40260 
couque_coffee 109.09091 648.31169 568.31169 840.51948 
juicyfresh 968.31169 609.87013 1040.00000 817.66234 
spearmint 1087.79221 631.68831 1177.14286 832.20779 
