diget_choco 17.66234 78.96104 258.70130 431.16883 
jjolbyung_noodle 206.75325 54.02597 457.14286 498.70130 
jjolbyung_ori 435.32468 38.44156 641.03896 500.77922 
cidar 768.83117 70.64935 936.10390 485.19481 
coke 930.90909 72.72727 1076.36364 463.37662 
diget_ori 1074.28571 114.28571 1276.88312 455.06494 
couque_white 464.41558 579.74026 857.14286 856.10390 
couque_coffee 263.89610 528.83117 446.75325 960.00000 
juicyfresh 878.96104 680.51948 1088.83117 755.32468 
spearmint 1095.06494 627.53247 1179.22078 840.51948 
