diget_choco 166.23377 43.63636 391.68831 380.25974 
jjolbyung_noodle 366.75325 12.46753 584.93506 505.97403 
jjolbyung_ori 510.12987 38.44156 766.75325 502.85714 
cidar 751.16883 59.22078 914.28571 469.61039 
coke 899.74026 65.45455 1073.24675 437.40260 
diget_ori 1051.42857 104.93506 1273.76623 445.71429 
couque_coffee 187.01299 520.51948 379.22078 960.00000 
couque_white 402.07792 626.49351 843.63636 846.75325 
juicyfresh 858.18182 673.24675 1069.09091 763.63636 
spearmint 1091.94805 631.68831 1178.18182 830.12987 
