diget_choco 33.24675 65.45455 273.24675 403.11688 
jjolbyung_noodle 238.96104 32.20779 493.50649 468.57143 
jjolbyung_ori 473.76623 46.75325 652.46753 499.74026 
cidar 724.15584 56.10390 888.31169 460.25974 
coke 880.00000 58.18182 1069.09091 431.16883 
diget_ori 1106.49351 90.38961 1280.00000 423.89610 
couque_coffee 189.09091 518.44156 372.98701 960.00000 
couque_white 428.05195 554.80519 814.54545 831.16883 
juicyfresh 911.16883 602.59740 981.81818 806.23377 
spearmint 1038.96104 615.06494 1148.05195 825.97403 
