diget_choco 58.18182 51.94805 264.93506 395.84416 
jjolbyung_noodle 204.67532 0.00000 483.11688 449.87013 
jjolbyung_ori 450.90909 34.28571 721.03896 470.64935 
cidar 734.54545 57.14286 893.50649 463.37662 
coke 899.74026 56.10390 1071.16883 420.77922 
diget_ori 1085.71429 88.31169 1280.00000 424.93506 
spearmint 1036.88312 615.06494 1130.38961 829.09091 
juicyfresh 910.12987 601.55844 980.77922 809.35065 
couque_white 463.37662 556.88312 862.33766 838.44156 
couque_coffee 21.81818 542.33766 490.38961 720.00000 
