diget_choco 83.11688 44.67532 315.84416 387.53247 
jjolbyung_noodle 300.25974 5.19481 496.62338 461.29870 
jjolbyung_ori 481.03896 48.83117 722.07792 460.25974 
cidar 676.36364 58.18182 842.59740 471.68831 
coke 855.06494 55.06494 1025.45455 429.09091 
diget_ori 998.44156 114.28571 1217.66234 443.63636 
couque_coffee 25.97403 549.61039 493.50649 708.57143 
couque_white 560.00000 483.11688 825.97403 871.68831 
juicyfresh 838.44156 612.98701 1047.27273 713.76623 
spearmint 1061.81818 564.15584 1133.50649 766.75325 
