diget_choco 22.85714 22.85714 226.49351 359.48052 
jjolbyung_noodle 192.20779 52.98701 483.11688 482.07792 
jjolbyung_ori 396.88312 29.09091 671.16883 482.07792 
cidar 670.12987 51.94805 823.89610 452.98701 
coke 814.54545 39.48052 983.89610 408.31169 
diget_ori 969.35065 75.84416 1181.29870 413.50649 
juicyfresh 801.03896 597.40260 1010.90909 690.90909 
spearmint 1052.46753 564.15584 1131.42857 766.75325 
couque_white 608.83117 470.64935 761.55844 907.01299 
couque_coffee 146.49351 514.28571 541.29870 791.68831 
