diget_choco 21.81818 35.32468 241.03896 387.53247 
jjolbyung_noodle 250.38961 2.07792 427.01299 460.25974 
jjolbyung_ori 418.70130 17.66234 641.03896 442.59740 
cidar 647.27273 58.18182 818.70130 461.29870 
coke 812.46753 50.90909 961.03896 421.81818 
diget_ori 985.97403 70.64935 1204.15584 418.70130 
juicyfresh 824.93506 500.77922 1035.84416 580.77922 
couque_coffee 66.49351 591.16883 528.83117 752.20779 
couque_white 544.41558 593.24675 973.50649 762.59740 
spearmint 995.32468 590.12987 1214.54545 691.94805 
