diget_choco 18.70130 54.02597 248.31169 400.00000 
jjolbyung_noodle 163.11688 22.85714 430.12987 451.94805 
jjolbyung_ori 339.74026 0.00000 663.89610 466.49351 
cidar 731.42857 32.20779 883.11688 449.87013 
coke 894.54545 43.63636 1032.72727 425.97403 
diget_ori 1030.64935 62.33766 1237.40260 402.07792 
couque_coffee 116.36364 522.59740 511.16883 797.92208 
couque_white 612.98701 480.00000 757.40260 913.24675 
juicyfresh 824.93506 563.11688 888.31169 770.90909 
spearmint 984.93506 568.31169 1086.75325 774.02597 
