diget_choco 4.15584 42.59740 265.97403 398.96104 
jjolbyung_noodle 197.40260 0.00000 485.19481 438.44156 
jjolbyung_ori 425.97403 0.00000 699.22078 418.70130 
cidar 683.63636 25.97403 869.61039 441.55844 
coke 850.90909 34.28571 1001.55844 414.54545 
diget_ori 991.16883 75.84416 1214.54545 411.42857 
spearmint 944.41558 526.75325 1177.14286 599.48052 
juicyfresh 917.40260 703.37662 1141.81818 783.37662 
couque_white 570.38961 465.45455 857.14286 857.14286 
couque_coffee 120.51948 523.63636 502.85714 797.92208 
