diget_choco 77.92208 4.15584 309.61039 333.50649 
jjolbyung_noodle 272.20779 0.00000 468.57143 428.05195 
jjolbyung_ori 454.02597 0.00000 662.85714 425.97403 
cidar 657.66234 24.93506 843.63636 422.85714 
coke 810.38961 34.28571 992.20779 404.15584 
diget_ori 961.03896 83.11688 1185.45455 408.31169 
spearmint 949.61039 521.55844 1176.10390 602.59740 
juicyfresh 922.59740 700.25974 1128.31169 783.37662 
couque_white 668.05195 477.92208 813.50649 914.28571 
couque_coffee 116.36364 571.42857 568.31169 723.11688 
