diget_choco 48.83117 94.54545 252.46753 439.48052 
jjolbyung_noodle 221.29870 65.45455 497.66234 515.32468 
jjolbyung_ori 379.22078 32.20779 616.10390 499.74026 
cidar 615.06494 20.77922 778.18182 432.20779 
coke 763.63636 23.89610 947.53247 408.31169 
diget_ori 925.71429 63.37662 1143.89610 398.96104 
couque_white 390.64935 539.22078 828.05195 694.02597 
couque_coffee 383.37662 690.90909 812.46753 900.77922 
spearmint 875.84416 568.31169 1094.02597 645.19481 
juicyfresh 838.44156 710.64935 1056.62338 784.41558 
