diget_choco 43.63636 87.27273 257.66234 415.58442 
jjolbyung_noodle 255.58442 10.38961 492.46753 456.10390 
jjolbyung_ori 460.25974 1.03896 679.48052 456.10390 
cidar 642.07792 13.50649 813.50649 427.01299 
coke 786.49351 16.62338 960.00000 397.92208 
diget_ori 932.98701 65.45455 1161.55844 396.88312 
couque_coffee 432.20779 491.42857 581.81818 915.32468 
couque_white 658.70130 480.00000 841.55844 928.83117 
juicyfresh 925.71429 567.27273 1009.87013 778.18182 
spearmint 1076.36364 591.16883 1157.40260 791.68831 
