diget_choco 0.00000 76.88312 188.05195 431.16883 
jjolbyung_noodle 139.22078 10.38961 411.42857 463.37662 
jjolbyung_ori 340.77922 0.00000 577.66234 465.45455 
cidar 629.61039 17.66234 786.49351 432.20779 
coke 784.41558 21.81818 948.57143 400.00000 
diget_ori 916.36364 66.49351 1152.20779 414.54545 
couque_coffee 189.09091 485.19481 498.70130 871.68831 
couque_white 568.31169 494.54545 839.48052 878.96104 
juicyfresh 929.87013 566.23377 1007.79221 790.64935 
spearmint 1075.32468 592.20779 1157.40260 806.23377 
