diget_choco 40.51948 12.46753 264.93506 344.93506 
jjolbyung_noodle 248.31169 16.62338 423.89610 470.64935 
jjolbyung_ori 402.07792 12.46753 657.66234 472.72727 
coke 694.02597 22.85714 847.79221 383.37662 
cidar 841.55844 67.53247 1265.45455 249.35065 
diget_ori 948.57143 221.29870 1150.12987 546.49351 
juicyfresh 923.63636 555.84416 993.24675 763.63636 
spearmint 1048.31169 563.11688 1123.11688 764.67532 
couque_white 567.27273 493.50649 842.59740 881.03896 
couque_coffee 196.36364 480.00000 492.46753 881.03896 
