jjolbyung_noodle 36.36364 0.00000 459.22078 253.50649 
jjolbyung_ori 464.41558 4.15584 718.96104 447.79221 
coke 707.53247 11.42857 845.71429 391.68831 
cidar 847.79221 1.03896 1262.33766 177.66234 
diget_ori 930.90909 227.53247 1151.16883 561.03896 
juicyfresh 921.55844 558.96104 993.24675 759.48052 
spearmint 1048.31169 566.23377 1132.46753 763.63636 
couque_white 616.10390 472.72727 798.96104 914.28571 
couque_coffee 177.66234 502.85714 556.88312 790.64935 
diget_choco 56.10390 224.41558 440.51948 433.24675 
