jjolbyung_noodle 2.07792 64.41558 441.55844 288.83117 
jjolbyung_ori 422.85714 2.07792 631.68831 482.07792 
coke 687.79221 8.31169 829.09091 389.61039 
cidar 827.01299 48.83117 1252.98701 243.11688 
diget_ori 931.94805 251.42857 1143.89610 579.74026 
spearmint 891.42857 581.81818 1102.33766 673.24675 
juicyfresh 822.85714 694.02597 1031.68831 830.12987 
couque_white 673.24675 458.18182 829.09091 890.38961 
couque_coffee 172.46753 511.16883 563.11688 792.72727 
diget_choco 47.79221 242.07792 412.46753 448.83117 
jjolbyung_ori 47.79221 242.07792 412.46753 448.83117 
