jjolbyung_noodle 0.00000 7.27273 417.66234 281.55844 
jjolbyung_ori 408.31169 14.54545 712.72727 470.64935 
couque_coffee 170.38961 503.89610 560.00000 783.37662 
couque_white 549.61039 478.96104 847.79221 866.49351 
cidar 829.09091 43.63636 1256.10390 232.72727 
coke 674.28571 12.46753 831.16883 383.37662 
diget_ori 858.18182 295.06494 1214.54545 495.58442 
diget_choco 33.24675 259.74026 395.84416 459.22078 
juicyfresh 867.53247 601.55844 973.50649 810.38961 
spearmint 1003.63636 579.74026 1077.40260 789.61039 
