jjolbyung_noodle 9.35065 2.07792 424.93506 258.70130 
jjolbyung_ori 368.83117 0.00000 585.97403 420.77922 
diget_choco 27.01299 254.54545 390.64935 455.06494 
coke 654.54545 0.00000 838.44156 353.24675 
cidar 856.10390 93.50649 1277.92208 287.79221 
diget_ori 858.18182 300.25974 1213.50649 498.70130 
couque_white 554.80519 473.76623 836.36364 867.53247 
juicyfresh 872.72727 604.67532 970.38961 818.70130 
spearmint 993.24675 574.54545 1091.94805 783.37662 
couque_coffee 13.50649 581.81818 495.58442 781.29870 
