jjolbyung_ori 138.18182 3.11688 606.75325 180.77922 
jjolbyung_noodle 117.40260 108.05195 573.50649 414.54545 
coke 664.93506 25.97403 829.09091 413.50649 
cidar 813.50649 105.97403 1246.75325 314.80519 
diget_ori 856.10390 295.06494 1218.70130 507.01299 
spearmint 798.96104 545.45455 1015.06494 626.49351 
juicyfresh 789.61039 694.02597 1004.67532 791.68831 
couque_coffee 274.28571 572.46753 713.76623 754.28571 
couque_white 242.07792 757.40260 687.79221 941.29870 
diget_choco 165.19481 366.75325 521.55844 579.74026 
