jjolbyung_ori 154.80519 69.61039 606.75325 358.44156 
jjolbyung_noodle 87.27273 331.42857 538.18182 589.09091 
diget_choco 169.35065 545.45455 511.16883 749.09091 
couque_white 246.23377 751.16883 685.71429 946.49351 
coke 663.89610 200.51948 823.89610 575.58442 
diget_ori 815.58442 62.33766 1169.87013 261.81818 
couque_coffee 837.40260 256.62338 1280.00000 413.50649 
spearmint 810.38961 470.64935 1014.02597 537.14286 
juicyfresh 829.09091 583.89610 1030.64935 647.27273 
cidar 750.12987 686.75325 1164.67532 862.33766 
