jjolbyung_ori 39.48052 105.97403 482.07792 407.27273 
jjolbyung_noodle 33.24675 387.53247 475.84416 640.00000 
diget_choco 16.62338 619.22078 378.18182 811.42857 
couque_white 464.41558 220.25974 658.70130 655.58442 
diget_ori 735.58442 64.41558 1084.67532 274.28571 
couque_coffee 674.28571 347.01299 1091.94805 485.19481 
spearmint 1100.25974 207.79221 1166.75325 415.58442 
juicyfresh 1157.40260 242.07792 1246.75325 451.94805 
cidar 704.41558 551.68831 1117.92208 712.72727 
coke 680.51948 726.23377 1054.54545 880.00000 
