jjolbyung_ori 20.77922 21.81818 486.23377 305.45455 
jjolbyung_noodle 3.11688 243.11688 447.79221 511.16883 
diget_ori 646.23377 110.12987 969.35065 312.72727 
couque_coffee 671.16883 341.81818 1097.14286 478.96104 
spearmint 1096.10390 211.94805 1172.98701 414.54545 
juicyfresh 1150.12987 242.07792 1240.51948 455.06494 
diget_choco 25.97403 531.94805 385.45455 728.31169 
couque_white 398.96104 454.02597 570.38961 881.03896 
coke 885.19481 516.36364 1041.03896 891.42857 
cidar 1023.37662 524.67532 1196.88312 930.90909 
