jjolbyung_ori 31.16883 35.32468 430.12987 274.28571 
jjolbyung_noodle 31.16883 247.27273 459.22078 517.40260 
diget_ori 466.49351 103.89610 673.24675 420.77922 
couque_coffee 662.85714 189.09091 1073.24675 472.72727 
spearmint 1094.02597 217.14286 1176.10390 411.42857 
juicyfresh 1156.36364 248.31169 1239.48052 446.75325 
cidar 969.35065 530.90909 1126.23377 934.02597 
coke 827.01299 518.44156 966.23377 893.50649 
couque_white 407.27273 451.94805 575.58442 876.88312 
diget_choco 32.20779 547.53247 389.61039 741.81818 
