jjolbyung_ori 28.05195 34.28571 430.12987 281.55844 
jjolbyung_noodle 23.89610 238.96104 461.29870 510.12987 
diget_choco 24.93506 550.64935 392.72727 744.93506 
couque_white 417.66234 459.22078 566.23377 875.84416 
coke 683.63636 510.12987 835.32468 877.92208 
cidar 899.74026 519.48052 1053.50649 922.59740 
spearmint 1074.28571 240.00000 1152.20779 444.67532 
juicyfresh 1145.97403 243.11688 1214.54545 444.67532 
couque_coffee 663.89610 184.93506 1060.77922 473.76623 
diget_ori 461.29870 96.62338 664.93506 423.89610 
