jjolbyung_ori 62.33766 3.11688 505.97403 218.18182 
jjolbyung_noodle 1.03896 202.59740 452.98701 457.14286 
diget_choco 35.32468 513.24675 395.84416 698.18182 
diget_ori 625.45455 139.22078 960.00000 348.05195 
couque_coffee 715.84416 316.88312 1079.48052 478.96104 
cidar 692.98701 516.36364 1090.90909 700.25974 
coke 733.50649 687.79221 1098.18182 839.48052 
spearmint 1078.44156 241.03896 1160.51948 451.94805 
juicyfresh 1141.81818 244.15584 1214.54545 450.90909 
couque_white 396.88312 455.06494 583.89610 878.96104 
