jjolbyung_ori 28.05195 78.96104 524.67532 313.76623 
jjolbyung_noodle 0.00000 303.37662 488.31169 544.41558 
diget_choco 130.90909 496.62338 327.27273 819.74026 
couque_white 400.00000 454.02597 671.16883 835.32468 
juicyfresh 547.53247 23.89610 750.12987 90.38961 
spearmint 552.72727 87.27273 750.12987 153.76623 
diget_ori 625.45455 146.49351 974.54545 348.05195 
couque_coffee 711.68831 317.92208 1077.40260 476.88312 
cidar 682.59740 522.59740 1107.53247 700.25974 
coke 724.15584 697.14286 1101.29870 843.63636 
