jjolbyung_ori 20.77922 0.00000 470.64935 220.25974 
jjolbyung_noodle 50.90909 162.07792 508.05195 444.67532 
juicyfresh 549.61039 27.01299 752.20779 92.46753 
spearmint 550.64935 94.54545 754.28571 154.80519 
diget_ori 832.20779 0.00000 1032.72727 324.15584 
couque_coffee 700.25974 332.46753 1158.44156 473.76623 
coke 729.35065 495.58442 872.72727 852.98701 
cidar 869.61039 602.59740 1275.84416 759.48052 
couque_white 395.84416 454.02597 662.85714 835.32468 
diget_choco 40.51948 477.92208 394.80519 683.63636 
