jjolbyung_ori 43.63636 3.11688 497.66234 268.05195 
jjolbyung_noodle 9.35065 190.12987 485.19481 423.89610 
diget_choco 24.93506 416.62338 389.61039 607.79221 
couque_white 439.48052 468.57143 587.01299 889.35065 
coke 716.88312 503.89610 858.18182 867.53247 
cidar 976.62338 487.27273 1157.40260 883.11688 
couque_coffee 705.45455 330.38961 1143.89610 472.72727 
diget_ori 828.05195 58.18182 1181.29870 273.24675 
spearmint 622.33766 141.29870 695.06494 335.58442 
juicyfresh 505.97403 129.87013 567.27273 349.09091 
