jjolbyung_ori 4.15584 73.76623 496.62338 281.55844 
jjolbyung_noodle 64.41558 191.16883 495.58442 465.45455 
diget_choco 15.58442 438.44156 380.25974 607.79221 
couque_white 439.48052 469.61039 582.85714 892.46753 
cidar 724.15584 470.64935 1127.27273 633.76623 
coke 739.74026 676.36364 1113.76623 825.97403 
couque_coffee 997.40260 34.28571 1202.07792 472.72727 
diget_ori 730.38961 76.88312 945.45455 411.42857 
spearmint 624.41558 136.10390 697.14286 341.81818 
juicyfresh 495.58442 75.84416 605.71429 279.48052 
couque_coffee 495.58442 75.84416 605.71429 279.48052 
