jjolbyung_ori 54.02597 49.87013 500.77922 313.76623 
juicyfresh 480.00000 82.07792 608.83117 284.67532 
spearmint 597.40260 152.72727 656.62338 350.12987 
diget_ori 680.51948 85.19481 896.62338 406.23377 
couque_coffee 928.83117 71.68831 1237.40260 458.18182 
coke 810.38961 491.42857 946.49351 865.45455 
cidar 937.14286 489.35065 1110.64935 884.15584 
couque_white 351.16883 477.92208 665.97403 888.31169 
diget_choco 1.03896 551.68831 350.12987 758.44156 
jjolbyung_noodle 17.66234 325.19481 449.87013 567.27273 
