jjolbyung_noodle 0.00000 52.98701 370.90909 376.10390 
jjolbyung_ori 351.16883 55.06494 624.41558 502.85714 
juicyfresh 606.75325 194.28571 662.85714 390.64935 
spearmint 658.70130 198.44156 720.00000 408.31169 
diget_ori 712.72727 98.70130 902.85714 418.70130 
couque_coffee 1000.51948 42.59740 1210.38961 461.29870 
coke 721.03896 476.88312 867.53247 836.36364 
cidar 862.33766 574.54545 1266.49351 749.09091 
couque_white 355.32468 485.19481 643.11688 881.03896 
diget_choco 0.00000 412.46753 328.31169 628.57143 
