jjolbyung_noodle 4.15584 176.62338 387.53247 398.96104 
couque_coffee 380.25974 39.48052 527.79221 468.57143 
jjolbyung_ori 519.48052 55.06494 867.53247 528.83117 
juicyfresh 827.01299 187.01299 884.15584 393.76623 
spearmint 885.19481 193.24675 940.25974 395.84416 
diget_ori 1000.51948 102.85714 1201.03896 445.71429 
cidar 975.58442 471.68831 1154.28571 871.68831 
coke 646.23377 601.55844 1006.75325 754.28571 
couque_white 363.63636 499.74026 644.15584 888.31169 
diget_choco 25.97403 429.09091 378.18182 629.61039 
