jjolbyung_noodle 0.00000 167.27273 370.90909 445.71429 
couque_coffee 276.36364 44.67532 627.53247 481.03896 
jjolbyung_ori 585.97403 63.37662 833.24675 517.40260 
juicyfresh 806.23377 188.05195 868.57143 382.33766 
spearmint 880.00000 192.20779 949.61039 385.45455 
diget_ori 994.28571 104.93506 1211.42857 440.51948 
cidar 980.77922 473.76623 1167.79221 882.07792 
coke 541.29870 608.83117 903.89610 745.97403 
couque_white 112.20779 599.48052 518.44156 904.93506 
diget_choco 5.19481 448.83117 329.35065 641.03896 
