jjolbyung_noodle 0.00000 57.14286 358.44156 372.98701 
couque_coffee 281.55844 96.62338 603.63636 286.75325 
jjolbyung_ori 593.24675 70.64935 848.83117 514.28571 
juicyfresh 837.40260 182.85714 891.42857 392.72727 
spearmint 894.54545 184.93506 945.45455 389.61039 
diget_ori 1018.18182 96.62338 1223.89610 438.44156 
diget_choco 14.54545 381.29870 371.94805 596.36364 
couque_white 112.20779 608.83117 523.63636 914.28571 
coke 612.98701 551.68831 975.58442 697.14286 
cidar 591.16883 702.33766 995.32468 873.76623 
