jjolbyung_noodle 0.00000 72.72727 358.44156 339.74026 
couque_coffee 363.63636 46.75325 550.64935 490.38961 
jjolbyung_ori 569.35065 54.02597 837.40260 496.62338 
diget_choco 0.00000 297.14286 353.24675 518.44156 
juicyfresh 806.23377 223.37662 1012.98701 284.67532 
spearmint 811.42857 356.36364 1015.06494 411.42857 
diget_ori 1015.06494 98.70130 1228.05195 436.36364 
coke 953.76623 505.97403 1105.45455 870.64935 
cidar 650.38961 473.76623 815.58442 872.72727 
couque_white 4.15584 601.55844 444.67532 792.72727 
