jjolbyung_noodle 0.00000 0.00000 408.31169 317.92208 
couque_coffee 355.32468 60.25974 592.20779 405.19481 
jjolbyung_ori 558.96104 56.10390 848.83117 497.66234 
diget_ori 825.97403 94.54545 1171.94805 296.10390 
diget_choco 3.11688 267.01299 359.48052 505.97403 
juicyfresh 827.01299 342.85714 1031.68831 409.35065 
spearmint 824.93506 411.42857 1030.64935 483.11688 
coke 589.09091 500.77922 961.03896 649.35065 
cidar 550.64935 632.72727 949.61039 817.66234 
couque_white 0.00000 547.53247 363.63636 745.97403 
