jjolbyung_noodle 23.89610 8.31169 369.87013 311.68831 
couque_coffee 295.06494 163.11688 576.62338 547.53247 
jjolbyung_ori 556.88312 58.18182 840.51948 508.05195 
diget_ori 1007.79221 155.84416 1220.77922 476.88312 
juicyfresh 966.23377 530.90909 1179.22078 590.12987 
coke 594.28571 480.00000 963.11688 668.05195 
diget_choco 0.00000 280.51948 290.90909 495.58442 
couque_white 0.00000 565.19481 397.92208 787.53247 
cidar 545.45455 689.87013 942.33766 894.54545 
spearmint 1020.25974 644.15584 1099.22078 849.87013 
