jjolbyung_noodle 0.00000 62.33766 410.38961 260.77922 
diget_choco 2.07792 269.09091 351.16883 468.57143 
couque_coffee 348.05195 179.74026 610.90909 560.00000 
jjolbyung_ori 557.92208 37.40260 848.83117 483.11688 
diget_ori 848.83117 139.22078 1046.23377 459.22078 
couque_white 34.28571 556.88312 446.75325 850.90909 
coke 606.75325 497.66234 973.50649 663.89610 
juicyfresh 968.31169 527.79221 1180.25974 585.97403 
spearmint 1019.22078 645.19481 1094.02597 845.71429 
cidar 544.41558 683.63636 944.41558 871.68831 
