jjolbyung_noodle 1.03896 3.11688 403.11688 306.49351 
couque_coffee 347.01299 134.02597 633.76623 529.87013 
diget_ori 658.70130 218.18182 984.93506 431.16883 
jjolbyung_ori 968.31169 47.79221 1247.79221 491.42857 
juicyfresh 967.27273 527.79221 1181.29870 595.32468 
spearmint 1021.29870 640.00000 1097.14286 854.02597 
coke 743.89610 514.28571 911.16883 885.19481 
cidar 590.12987 546.49351 764.67532 951.68831 
couque_white 0.00000 592.20779 444.67532 791.68831 
diget_choco 5.19481 310.64935 353.24675 518.44156 
