jjolbyung_noodle 2.07792 4.15584 381.29870 307.53247 
couque_coffee 367.79221 141.29870 655.58442 539.22078 
spearmint 722.07792 19.74026 928.83117 90.38961 
juicyfresh 724.15584 100.77922 935.06494 190.12987 
jjolbyung_ori 976.62338 41.55844 1244.67532 498.70130 
jjolbyung_ori 679.48052 198.44156 1023.37662 427.01299 
diget_choco 5.19481 283.63636 296.10390 503.89610 
couque_white 0.00000 504.93506 392.72727 839.48052 
cidar 462.33766 536.10390 751.16883 936.10390 
coke 1012.98701 535.06494 1215.58442 909.09091 
