diget_choco 117.71206 41.82573 365.74319 390.37344 
chocopie 389.64981 20.91286 769.16732 345.56017 
welchs 878.73930 0.00000 1079.95331 355.51867 
zec 244.21790 320.66390 921.57198 520.82988 
ID_gum 256.17121 527.80083 411.56420 720.99585 
tuna 28.06226 533.77593 271.11284 761.82573 
diget_choco 383.67315 508.87967 593.85214 727.96680 
jjolbyung_noodle 307.96887 687.13693 709.40078 941.07884 
toreta 595.84436 497.92531 809.01167 718.00830 
couque_white 744.26459 519.83402 1034.13230 912.19917 
toreta 744.26459 519.83402 1034.13230 912.19917 
