diget_ori 243.22179 0.99585 531.09728 346.55602 
toreta 543.05058 14.93776 1096.88716 214.10788 
couque_white 863.79767 371.45228 1045.08949 786.72199 
jjolbyung_noodle 399.61089 396.34855 700.43580 835.51867 
ID_gum 24.07782 711.03734 215.33074 856.43154 
diget_choco 60.97276 19.95851 340.87938 380.45643 
couque_white 874.79377 379.46058 1056.08560 794.73029 
welchs 674.57588 355.56017 851.88327 694.14938 
chocopie 228.31907 511.90871 403.63424 897.30290 
zec 537.07393 740.91286 1191.51751 960.00000 
