diget_choco 69.89883 18.92116 254.17899 352.53112 
diget_ori 258.16342 12.94606 454.39689 348.54772 
zec 448.42023 115.51867 1105.85214 292.78008 
toreta 513.16732 313.69295 1068.99611 497.92531 
welchs 306.97276 362.48963 505.19844 700.08299 
tuna 84.84047 450.12448 311.95331 674.19087 
ID_gum 187.43969 712.03320 418.53696 855.43568 
chocopie 481.29183 554.68880 736.29572 911.20332 
couque_white 723.34630 536.76349 915.59533 960.00000 
jjolbyung_noodle 923.56420 494.93776 1189.52529 919.17012 
