diget_choco 74.87938 13.94191 301.99222 359.50207 
diget_ori 289.04280 18.92116 525.12062 362.48963 
zec 498.22568 25.89212 1149.68093 223.07054 
toreta 513.16732 307.71784 1073.97665 486.97095 
couque_white 934.52140 462.07469 1259.25292 869.37759 
jjolbyung_noodle 699.43969 480.00000 934.52140 896.26556 
couque_coffee 515.15953 550.70539 693.46304 944.06639 
tuna 268.12451 470.04149 503.20623 709.04564 
welchs 76.87160 384.39834 283.06615 737.92531 
ID_gum 84.84047 736.92946 320.91829 892.28216 
