diget_choco 232.26459 62.73859 423.51751 392.36515 
diget_ori 420.52918 39.83402 623.73541 392.36515 
zec 625.72763 14.93776 1277.18288 197.17842 
toreta 659.59533 229.04564 1217.41634 409.29461 
jjolbyung_noodle 896.66926 429.21162 1150.67704 848.46473 
couque_white 701.43191 516.84647 898.66148 852.44813 
tuna 458.38132 371.45228 688.48249 593.52697 
welchs 28.06226 546.72199 390.64591 729.95851 
ID_gum 100.77821 729.95851 342.66148 846.47303 
chocopie 375.70428 633.36100 658.59922 853.44398 
