diget_choco 212.34241 0.00000 395.62646 342.57261 
diget_ori 396.62257 45.80913 581.89883 368.46473 
zec 588.87160 57.75934 1239.33074 242.98755 
toreta 643.65759 223.07054 1210.44358 410.29046 
chocopie 379.68872 377.42739 733.13619 554.68880 
couque_white 985.32296 481.99170 1243.31518 798.67220 
jjolbyung_noodle 735.29961 479.00415 1016.20233 884.31535 
welchs 28.06226 463.07054 387.65759 656.26556 
ID_gum 145.60311 639.33610 308.79377 864.39834 
tuna 481.29183 600.49793 702.42802 824.56432 
