diget_choco 141.61868 15.93361 351.79767 359.50207 
diget_ori 355.78210 21.90871 561.97665 354.52282 
zec 575.92218 30.87137 1242.31907 226.05809 
toreta 661.58755 188.21577 1231.36187 403.31950 
jjolbyung_noodle 350.80156 368.46473 779.12840 672.19917 
couque_white 839.89105 429.21162 1177.57198 839.50207 
chocopie 527.11284 601.49378 880.73152 897.26141 
tuna 313.94553 664.23237 541.05837 891.28631 
welchs 120.70039 596.51452 314.94163 951.03734 
ID_gum 140.62257 373.44398 293.02724 593.52697 
