diget_choco 178.47471 16.92946 391.64202 355.51867 
diget_ori 365.74319 17.92531 593.85214 360.49793 
zec 580.90272 0.00000 1234.35019 179.25311 
toreta 646.64591 228.04979 1199.48638 409.29461 
chocopie 890.69261 428.21577 1201.47860 790.70539 
couque_white 578.91051 567.63485 854.83268 942.07469 
jjolbyung_noodle 260.15564 316.68050 717.36965 683.15353 
ID_gum 142.61479 353.52697 309.96109 579.58506 
welchs 112.73152 573.60996 293.02724 931.12033 
tuna 316.93385 648.29876 544.04669 880.33195 
