couque_white 120.70039 20.91286 374.70817 374.43983 
diget_ori 380.68482 0.00000 614.77043 338.58921 
zec 598.83268 39.83402 1260.24903 215.10373 
toreta 642.66148 205.14523 1203.47082 385.39419 
jjolbyung_noodle 267.12840 389.37759 694.45914 642.32365 
welchs 76.87160 405.31120 263.14397 754.85477 
ID_gum 299.00389 656.26556 442.44358 881.32780 
tuna 527.11284 630.37344 739.28405 861.41079 
couque_white 731.31518 479.00415 1032.14008 883.31950 
chocopie 989.30739 420.24896 1277.18288 815.60166 
