diget_choco 119.70428 33.85892 346.81712 382.40664 
diget_ori 378.69261 0.00000 581.89883 317.67635 
zec 581.89883 40.82988 1247.29961 215.10373 
toreta 627.71984 226.05809 1183.54864 413.27801 
welchs 448.42023 322.65560 637.68093 677.17842 
couque_white 664.57588 412.28216 1084.93385 562.65560 
chocopie 823.95331 557.67635 1183.54864 823.56846 
tuna 591.85992 677.17842 817.97665 831.53527 
ID_gum 419.53307 667.21992 565.96109 906.22407 
jjolbyung_noodle 112.73152 391.36929 400.60700 840.49793 
