diget_choco 158.55253 33.85892 399.61089 385.39419 
welchs 366.73930 21.90871 583.89105 379.41909 
zec 604.80934 1.99170 1264.23346 194.19087 
toreta 610.78599 199.17012 1179.56420 355.51867 
couque_white 837.89883 359.50207 1219.40856 619.41909 
chocopie 842.87938 619.41909 1205.46304 876.34855 
tuna 608.79377 704.06639 841.88327 861.41079 
ID_gum 440.45136 681.16183 574.92607 906.22407 
diget_ori 361.75875 457.09544 680.51362 646.30705 
jjolbyung_noodle 71.89105 386.39004 395.62646 812.61411 
