jjolbyung_noodle 190.42802 30.87137 510.17899 454.10788 
welchs 440.45136 28.87967 650.63035 390.37344 
zec 629.71206 50.78838 1268.21790 232.03320 
toreta 656.60700 243.98340 1210.44358 429.21162 
couque_white 788.09339 432.19917 1244.31128 564.64730 
chocopie 813.99222 560.66390 1168.60700 828.54772 
tuna 602.81712 623.40249 828.93385 855.43568 
ID_gum 464.35798 525.80913 606.63035 750.87137 
diget_ori 233.26070 515.85062 434.47471 847.46888 
diget_choco 43.00389 500.91286 239.23735 820.58091 
homerunball 43.00389 500.91286 239.23735 820.58091 
