jjolbyung_noodle 93.80545 28.87967 393.63424 445.14523 
welchs 340.84047 27.88382 534.08560 381.41079 
zec 630.70817 21.90871 1280.00000 196.18257 
toreta 673.54086 180.24896 1228.37354 369.46058 
couque_white 746.25681 360.49793 1145.69650 653.27801 
chocopie 836.90272 640.33195 1242.31907 864.39834 
tuna 646.64591 609.46058 788.09339 846.47303 
ID_gum 503.20623 541.74274 649.63424 758.83817 
diget_ori 268.12451 506.88797 462.36576 837.51037 
diget_choco 70.89494 487.96680 267.12840 811.61826 
