jjolbyung_noodle 79.85992 0.00000 366.73930 417.26141 
zec 563.96887 28.87967 1216.42023 218.09129 
toreta 672.54475 233.02905 1233.35409 415.26971 
couque_white 754.22568 445.14523 1113.82101 580.58091 
chocopie 840.88716 646.30705 1240.32685 855.43568 
tuna 623.73541 689.12863 852.84047 921.16183 
ID_gum 500.21790 530.78838 644.65370 758.83817 
welchs 344.82490 348.54772 692.46693 530.78838 
diget_ori 266.13230 518.83817 473.32296 849.46058 
diget_choco 68.90272 495.93361 276.09339 830.53942 
