jjolbyung_noodle 238.24125 0.00000 488.26459 366.47303 
zec 598.83268 16.92946 1255.26848 198.17427 
toreta 682.50584 179.25311 1230.36576 372.44813 
couque_white 773.15175 409.29461 1146.69261 670.20747 
ID_gum 773.15175 409.29461 1146.69261 670.20747 
welchs 420.52918 378.42324 760.20233 573.60996 
zec 66.91051 351.53527 352.79377 586.55602 
diget_ori 55.95331 663.23651 419.53307 875.35270 
ID_gum 500.21790 599.50207 647.47082 823.56846 
tuna 643.65759 672.19917 876.74708 853.44398 
chocopie 872.76265 672.19917 1267.22179 864.39834 
