jjolbyung_noodle 168.51362 39.83402 603.81323 324.64730 
zec 602.81712 4.97925 1256.26459 199.17012 
toreta 679.51751 208.13278 1239.33074 390.37344 
couque_white 753.22957 383.40249 1155.65759 670.20747 
tuna 881.72763 656.26556 1118.80156 883.31950 
ID_gum 484.28016 638.34025 635.68872 846.47303 
welchs 409.57198 484.97925 756.21790 657.26141 
chocopie 316.93385 291.78423 689.47860 479.00415 
diget_ori 15.11284 381.41079 313.94553 600.49793 
diget_choco 50.97276 635.35270 337.85214 901.24481 
