tuna 927.54864 397.34440 1175.57977 618.42324 
couque_white 762.19455 621.41079 1162.63035 917.17842 
welchs 411.56420 470.04149 756.21790 658.25726 
ID_gum 485.27626 646.30705 631.70428 844.48133 
diget_ori 51.96887 631.36929 340.84047 904.23237 
diget_choco 60.93385 388.38174 425.50973 576.59751 
chocopie 352.79377 182.24066 716.37354 387.38589 
zec 613.77432 52.78008 1270.21012 237.01245 
toreta 715.37743 208.13278 1258.25681 396.34855 
jjolbyung_noodle 122.69261 0.00000 590.86381 312.69710 
