jjolbyung_noodle 72.88716 40.82988 532.09339 295.76763 
chocopie 309.96109 168.29876 621.74319 410.29046 
zec 615.76654 53.77593 1272.20233 239.00415 
toreta 692.46693 216.09959 1255.26848 407.30290 
tuna 1027.15953 611.45228 1197.49416 857.42739 
couque_white 742.27237 409.29461 1023.17510 783.73444 
welchs 408.57588 473.02905 748.24903 667.21992 
ID_gum 483.28405 644.31535 636.68482 847.46888 
diget_choco 29.05837 404.31535 389.64981 582.57261 
diget_ori 39.01946 623.40249 403.59533 827.55187 
