welchs 464.35798 481.99170 645.64981 825.56017 
ID_gum 704.42023 755.85062 950.45914 910.20747 
tuna 993.29183 484.97925 1219.40856 708.04979 
couque_white 722.35019 400.33195 1003.25292 770.78838 
toreta 698.44358 221.07884 1262.24125 407.30290 
zec 625.72763 54.77178 1275.19066 243.98340 
jjolbyung_noodle 138.63035 71.70124 566.95720 272.86307 
chocopie 320.91829 253.94191 618.75486 471.03734 
diget_choco 43.00389 390.37344 324.90272 614.43983 
diget_ori 48.98054 627.38589 411.56420 838.50622 
