jjolbyung_noodle 145.60311 3.98340 552.01556 282.82158 
zec 631.70428 23.90041 1280.00000 209.12863 
toreta 702.42802 233.02905 1259.25292 419.25311 
couque_white 739.28405 412.28216 991.29961 788.71369 
welchs 997.27626 487.96680 1173.58755 831.53527 
chocopie 317.92996 250.95436 619.75097 475.02075 
tuna 578.91051 496.92946 694.45914 720.00000 
ID_gum 556.99611 691.12033 705.41634 916.18257 
diget_ori 294.02335 520.82988 498.22568 853.44398 
diget_choco 40.01556 522.82158 252.18677 855.43568 
