diget_ori 275.09728 620.41494 532.09339 882.32365 
diget_choco 4.15564 632.36515 294.02335 916.18257 
tuna 92.80934 393.36100 331.87549 613.44398 
chocopie 224.29572 202.15768 607.79767 447.13693 
jjolbyung_noodle 196.40467 0.00000 625.55642 277.84232 
zec 636.68482 0.00000 1280.00000 214.10788 
toreta 604.80934 218.09129 1169.60311 409.29461 
welchs 805.02724 439.17012 1152.66926 633.36100 
couque_white 750.24125 603.48548 1121.78988 890.29046 
ID_gum 570.94163 524.81328 720.35798 748.87967 
diget_ori 570.94163 524.81328 720.35798 748.87967 
