chocopie 243.22179 8.96266 624.73152 277.84232 
ID_gum 826.94163 93.60996 1044.09339 240.00000 
welchs 812.00000 251.95021 1163.62646 433.19502 
toreta 587.87549 148.38174 794.07004 696.09959 
couque_white 768.17121 445.14523 1155.65759 711.03734 
zec 523.12840 688.13278 1178.56809 903.23651 
jjolbyung_noodle 186.44358 214.10788 617.75875 613.44398 
diget_ori 293.02724 534.77178 483.28405 874.35685 
tuna 36.03113 600.49793 285.05837 833.52697 
diget_choco 8.14008 382.40664 311.95331 589.54357 
zec 8.14008 382.40664 311.95331 589.54357 
