chocopie 265.13619 23.90041 559.98444 268.87967 
ID_gum 815.98444 75.68465 1044.09339 237.01245 
toreta 614.77043 131.45228 859.81323 683.15353 
welchs 816.98054 313.69295 1178.56809 499.91701 
couque_white 844.87160 510.87137 1278.17899 640.33195 
zec 556.99611 695.10373 1215.42412 873.36100 
diget_ori 332.87160 531.78423 525.12062 866.39004 
tuna 114.72374 599.50207 340.84047 835.51867 
diget_choco 8.14008 419.25311 300.00000 643.31950 
jjolbyung_noodle 253.18288 220.08299 651.62646 498.92116 
