chocopie 181.46304 13.94191 563.96887 235.02075 
tuna 783.11284 55.76763 1017.19844 286.80498 
welchs 819.96887 309.70954 1179.56420 498.92116 
couque_white 844.87160 486.97095 1222.39689 767.80083 
toreta 601.82101 134.43983 851.84436 683.15353 
jjolbyung_noodle 267.12840 219.08714 649.63424 490.95436 
diget_choco 0.00000 294.77178 274.10117 509.87552 
diget_ori 111.73541 569.62656 318.92607 911.20332 
ID_gum 375.70428 523.81743 619.75097 696.09959 
zec 572.93385 750.87137 1228.37354 950.04149 
