couque_white 839.89105 524.81328 1221.40078 704.06639 
welchs 810.00778 312.69710 1163.62646 480.00000 
toreta 632.70039 210.12448 841.88327 769.79253 
zec 574.92607 761.82573 1242.31907 932.11618 
jjolbyung_noodle 247.20623 286.80498 660.59144 537.75934 
ID_gum 100.77821 261.90871 243.22179 505.89212 
diget_ori 118.70817 574.60581 317.92996 920.16598 
diget_choco 333.86770 582.57261 516.15564 916.18257 
chocopie 276.09339 19.91701 625.72763 283.81743 
tuna 825.94553 32.86307 1056.04669 263.90041 
