chocopie 260.15564 36.84647 630.70817 259.91701 
couque_white 700.43580 218.09129 1122.78599 372.44813 
welchs 819.96887 352.53112 1176.57588 531.78423 
tuna 798.05447 32.86307 1030.14786 240.99585 
zec 605.80545 526.80498 1266.22568 706.05809 
jjolbyung_noodle 243.22179 267.88382 655.61089 547.71784 
ID_gum 94.80156 265.89212 246.21012 497.92531 
diget_choco 138.63035 582.57261 324.90272 917.17842 
diget_ori 327.89105 571.61826 519.14397 899.25311 
toreta 567.95331 757.84232 1129.75875 956.01660 
