chocopie 279.08171 41.82573 661.58755 265.89212 
jjolbyung_noodle 357.77432 232.03320 754.22568 505.89212 
couque_white 757.21401 208.13278 1186.53696 343.56846 
tuna 790.08560 5.97510 1036.12451 222.07469 
welchs 812.82490 348.54772 1179.56420 530.78838 
zec 607.79767 527.80083 1270.21012 685.14523 
diget_choco 114.72374 507.88382 454.39689 697.09544 
diget_ori 133.64981 708.04979 417.54086 960.00000 
toreta 559.98444 714.02490 1154.66148 903.23651 
ID_gum 84.84047 252.94606 238.24125 480.99585 
