chocopie 233.26070 2.98755 595.84436 295.76763 
tuna 781.12062 0.00000 1008.23346 203.15353 
couque_white 749.24514 194.19087 1197.49416 338.58921 
welchs 814.98833 330.62241 1172.59144 516.84647 
zec 609.78988 515.85062 1267.22179 666.22407 
jjolbyung_noodle 355.78210 240.00000 756.21790 514.85477 
diget_choco 111.73541 508.87967 451.40856 705.06224 
ID_gum 84.84047 247.96680 238.24125 481.99170 
diget_ori 148.59144 699.08714 415.54864 956.01660 
toreta 546.03891 776.76349 1116.80934 960.00000 
