chocopie 231.26848 5.97510 593.85214 298.75519 
tuna 771.15953 0.00000 1008.23346 206.14108 
couque_white 753.22957 190.20747 1189.52529 333.60996 
welchs 814.98833 333.60996 1168.60700 508.87967 
zec 613.77432 510.87137 1263.23735 668.21577 
toreta 558.98833 708.04979 1125.77432 923.15353 
jjolbyung_noodle 359.76654 237.01245 749.24514 523.81743 
diget_choco 107.75097 509.87552 456.38911 706.05809 
diget_ori 154.56809 699.08714 413.55642 955.02075 
ID_gum 87.82879 244.97925 234.25681 481.99170 
