diget_ori 224.24242 46.06061 481.21212 255.75758 
jjolbyung_noodle 556.36364 2.42424 956.36364 277.57576 
buttering 627.87879 278.78788 1198.78788 470.30303 
gumi_gumi 670.30303 460.60606 1035.15152 707.87879 
vita500 173.33333 420.60606 546.66667 533.33333 
tuna 247.27273 552.72727 443.63636 720.00000 
diget_choco 419.39394 520.00000 638.78788 720.00000 
juicyfresh 189.09091 86.06061 300.60606 286.06061 
diget_choco 189.09091 86.06061 300.60606 286.06061 
diget_ori 189.09091 86.06061 300.60606 286.06061 
