squid_peanut 29.91501 120.71788 490.42493 720.00000 
welchs 270.14164 0.11335 618.24363 183.28715 
jjolbyung_ori 422.43626 228.62720 610.08499 704.69773 
couque_coffee 615.52408 8.27456 1038.86686 157.89673 
ID_gum 1048.83853 0.00000 1274.56091 159.71033 
spearmint 996.26062 22.78338 1055.18414 217.74559 
samdasu 1058.81020 109.83627 1255.52408 694.72292 
homerunball 801.35977 194.16877 1111.38810 719.20655 
toreta 641.81303 158.80353 842.15297 713.76574 
squid_peanut 641.81303 158.80353 842.15297 713.76574 
