samdasu 42.60623 157.89673 601.92635 322.93451 
spearmint 353.54108 47.26700 555.69405 110.74307 
ID_gum 565.66572 0.00000 792.29462 141.57431 
squid_peanut 721.58640 0.00000 1270.93484 287.56927 
samdasu 584.70255 134.31990 766.00567 688.37531 
homerunball 770.53824 260.36524 1280.00000 586.81360 
welchs 819.49008 579.55919 1173.03116 712.85894 
jjolbyung_ori 338.13031 365.55416 598.30028 720.00000 
couque_coffee 172.23796 343.79093 355.35411 720.00000 
squid_peanut 172.23796 343.79093 355.35411 720.00000 
