jjolbyung_ori 108.78187 0.11335 574.73088 155.17632 
toreta 589.23513 0.00000 1154.90085 195.98237 
ID_gum 677.16714 205.05038 894.73088 341.97733 
couque_coffee 902.88952 208.67758 1280.00000 339.25693 
spearmint 622.77620 202.32997 672.63456 386.41058 
samdasu 53.48442 146.10831 607.36544 307.51889 
squid_peanut 76.14731 275.78086 650.87819 687.46851 
welchs 642.71955 390.94458 807.70538 714.67254 
homerunball 766.91218 346.51134 1280.00000 647.56927 
spearmint 766.91218 346.51134 1280.00000 647.56927 
