jjolbyung_ori 58.01700 2.83375 522.15297 157.89673 
toreta 517.62040 0.00000 1089.63173 176.93955 
ID_gum 656.31728 182.38035 881.13314 322.93451 
spearmint 601.01983 186.91436 666.28895 383.69018 
samdasu 50.76487 143.38791 602.83286 313.86650 
couque_coffee 736.99717 312.95970 1173.03116 457.14106 
homerunball 743.34278 397.29219 1280.00000 718.29975 
welchs 572.91785 377.34257 745.15581 717.39295 
squid_peanut 9.06516 321.12091 609.17847 701.07053 
ID_gum 9.06516 321.12091 609.17847 701.07053 
