welchs 853.77732 11.68669 1218.73049 196.67745 
couque_white 927.03434 199.33919 1233.38189 585.29113 
couque_coffee 542.10198 414.93993 936.35796 715.71627 
coke 587.38814 287.17652 959.00104 436.23383 
vita500 582.06035 180.70702 948.34547 300.48521 
juicyfresh 603.37149 90.20795 797.83559 159.41312 
ID_gum 378.27263 75.56839 599.37565 215.30961 
buttering 145.18210 70.24492 363.62123 629.20980 
diget_choco 317.00312 436.23383 556.75338 678.45194 
tuna 383.60042 220.63309 598.04370 422.92514 
diget_choco 383.60042 220.63309 598.04370 422.92514 
