buttering 141.18626 76.89926 380.93652 631.87153 
ID_gum 368.94901 34.31146 602.03954 200.67006 
vita500 546.09781 152.75878 669.96878 268.54436 
tuna 364.95317 188.69224 586.05619 393.64603 
welchs 665.97294 134.12662 1006.95109 303.14695 
juicyfresh 996.29553 71.57579 1082.87201 271.20610 
couque_white 989.63580 293.83087 1182.76795 698.41497 
couque_coffee 571.40479 421.59427 951.00937 706.40018 
coke 598.04370 300.48521 952.34131 444.21904 
diget_ori 355.62955 389.65342 566.07700 713.05453 
