buttering 138.52237 78.23013 384.93236 626.54806 
diget_ori 322.33091 239.26525 556.75338 456.19686 
tuna 372.94485 461.52033 598.04370 671.79760 
ID_gum 586.05619 23.66451 815.15088 175.38355 
welchs 599.37565 118.15619 943.01769 321.77911 
juicyfresh 923.03850 71.57579 1004.28720 281.85305 
vita500 1024.26639 100.85490 1248.03330 235.27264 
couque_coffee 957.66909 311.13216 1193.42352 720.00000 
couque_white 622.01873 452.20425 1000.29136 718.37800 
coke 592.71592 303.14695 955.00520 453.53512 
