buttering 83.91259 78.23013 298.35588 661.15065 
ID_gum 285.03642 172.72181 432.88241 390.98429 
vita500 436.87825 229.94917 799.16753 340.41128 
juicyfresh 504.80749 175.38355 697.93965 235.27264 
diget_ori 827.13840 131.46488 1169.44849 324.44085 
welchs 823.14256 321.77911 1173.44433 518.74769 
coke 446.20187 386.99168 799.16753 533.38725 
couque_white 827.13840 510.76248 1264.01665 681.11368 
couque_coffee 434.21436 510.76248 844.45369 714.38540 
tuna 253.06972 482.81423 472.84079 710.39279 
