vita500 800.49948 62.25970 1182.76795 186.03050 
welchs 804.49532 244.58872 1166.78460 429.57948 
couque_white 833.79813 424.25601 1218.73049 695.75323 
couque_coffee 467.51301 446.88078 833.79813 714.38540 
diget_ori 423.55879 277.86044 741.89386 468.17468 
coke 423.55879 134.12662 771.19667 276.52957 
juicyfresh 490.15609 86.21534 685.95213 148.76617 
ID_gum 298.35588 171.39094 435.54631 397.63863 
buttering 114.54735 116.82532 311.67534 698.41497 
tuna 303.68366 488.13771 460.85328 707.73105 
