buttering 101.22789 100.85490 340.97815 661.15065 
tuna 281.04058 500.11553 460.85328 720.00000 
ID_gum 322.33091 162.07486 467.51301 380.33734 
juicyfresh 487.49220 76.89926 687.28408 136.78835 
coke 435.54631 136.78835 797.83559 285.84566 
diget_ori 428.88658 281.85305 751.21748 465.51294 
couque_coffee 470.17690 460.18946 839.12591 720.00000 
couque_white 831.13424 420.26340 1217.39854 705.06932 
welchs 809.82310 243.25786 1164.12071 426.91774 
vita500 823.14256 132.79575 1220.06243 264.55176 
