buttering 134.52653 79.56100 326.32674 665.14325 
juicyfresh 479.50052 82.22274 687.28408 150.09704 
coke 443.53798 130.13401 808.49116 283.18392 
ID_gum 323.66285 143.44270 468.84495 371.02126 
tuna 267.72112 371.02126 430.21852 605.25416 
diget_ori 456.85744 264.55176 799.16753 458.85860 
couque_coffee 418.23101 448.21165 795.17170 713.05453 
couque_white 779.18835 429.57948 1173.44433 695.75323 
welchs 809.82310 241.92699 1166.78460 433.57209 
vita500 829.80229 140.78096 1220.06243 255.23567 
