buttering 125.20291 76.89926 356.96150 659.81978 
ID_gum 320.99896 146.10444 468.84495 369.69039 
juicyfresh 483.49636 55.60536 673.96462 126.14140 
coke 443.53798 102.18577 805.82726 261.89002 
diget_ori 476.83663 243.25786 795.17170 448.21165 
couque_coffee 398.25182 421.59427 788.51197 691.76063 
couque_white 777.85640 429.57948 1157.46098 702.40758 
welchs 808.49116 245.91959 1168.11655 432.24122 
vita500 831.13424 140.78096 1206.74298 264.55176 
tuna 787.18002 28.98799 1018.93861 172.72181 
