buttering 139.85432 112.83272 379.60458 667.80499 
juicyfresh 301.01977 50.28189 504.80749 130.13401 
ID_gum 352.96566 139.45009 500.81165 359.04344 
vita500 318.33507 353.71996 462.18522 497.45379 
diget_ori 464.84912 311.13216 783.18418 506.76987 
couque_coffee 435.54631 494.79205 844.45369 677.12107 
couque_white 828.47034 477.49076 1273.34027 657.15804 
welchs 812.48699 303.14695 1164.12071 493.46118 
tuna 863.10094 38.30407 1094.85952 261.89002 
coke 511.46722 107.50924 875.08845 280.52218 
