tuna 915.04683 51.61275 1152.13319 273.86784 
welchs 820.47867 269.87523 1166.78460 445.54991 
couque_white 781.85224 444.21904 1156.12903 703.73845 
coke 563.41311 112.83272 917.71072 251.24307 
diget_ori 467.51301 261.89002 785.84807 465.51294 
couque_coffee 391.59209 436.23383 784.51613 709.06192 
vita500 314.33923 355.05083 468.84495 498.78466 
ID_gum 356.96150 128.80314 500.81165 349.72736 
buttering 133.19459 111.50185 380.93652 670.46673 
juicyfresh 488.82414 62.25970 564.74506 249.91220 
