buttering 135.85848 36.97320 395.58793 598.59982 
juicyfresh 359.62539 134.12662 515.46306 359.04344 
juicyfresh 472.84079 59.59797 566.07700 261.89002 
welchs 546.09781 26.32625 880.41623 236.60351 
tuna 901.72737 64.92144 1146.80541 289.83826 
coke 768.53278 308.47043 1144.14152 508.10074 
diget_ori 548.76171 217.97135 771.19667 446.88078 
couque_white 825.80645 464.18207 1262.68470 650.50370 
couque_coffee 416.89906 480.15250 839.12591 675.79020 
spearmint 416.89906 480.15250 839.12591 675.79020 
vita500 322.33091 353.71996 488.82414 497.74492 
