buttering 133.19459 58.26710 394.25598 633.20240 
couque_coffee 358.29344 440.22643 773.86056 606.58503 
couque_white 760.54110 420.26340 1202.74714 589.28373 
coke 772.52862 231.28004 1160.12487 393.64603 
tuna 872.42456 84.88447 1124.16233 225.95656 
welchs 551.42560 54.27449 869.76067 231.28004 
juicyfresh 476.83663 52.94362 563.41311 261.89002 
ID_gum 356.96150 107.50924 515.46306 347.06562 
diget_ori 543.43392 223.29482 773.86056 453.82625 
ID_gum 543.43392 223.29482 773.86056 453.82625 
vita500 320.99896 331.38632 494.15193 474.82902 
