buttering 171.82102 48.95102 420.89490 626.54806 
ID_gum 391.59209 110.17098 547.42976 339.08041 
juicyfresh 527.45057 52.94362 611.36316 256.56654 
welchs 611.36316 38.30407 945.68158 236.60351 
tuna 924.37045 30.31885 1172.11238 264.55176 
coke 775.19251 239.26525 1168.11655 409.61645 
diget_ori 540.77003 248.58133 761.87305 461.52033 
vita500 358.29344 324.44085 530.11446 473.49815 
couque_coffee 406.24350 410.94732 797.83559 705.06932 
couque_white 769.86472 389.65342 1173.44433 685.10628 
spearmint 769.86472 389.65342 1173.44433 685.10628 
