buttering 193.13215 42.29667 380.93652 625.21719 
ID_gum 396.91988 98.19316 547.42976 327.10259 
vita500 330.32258 319.11738 503.47555 474.82902 
diget_ori 548.76171 232.61091 764.53694 462.85120 
juicyfresh 539.43809 44.95841 620.68678 245.91959 
welchs 669.96878 52.94362 1020.27055 251.24307 
tuna 1001.62331 24.99538 1246.70135 257.89741 
coke 784.51613 269.87523 1165.45265 416.27079 
couque_white 775.19251 464.18207 1205.41103 654.49630 
couque_coffee 368.94901 462.85120 776.52445 661.15065 
