buttering 187.80437 42.29667 368.94901 630.54067 
vita500 319.66701 313.79390 500.81165 468.17468 
ID_gum 392.92404 99.52403 535.44225 323.10998 
juicyfresh 539.43809 40.96580 634.00624 240.59612 
diget_ori 488.82414 228.61830 820.47867 422.92514 
couque_coffee 359.62539 408.28558 743.22581 678.45194 
couque_white 731.23829 404.29298 1108.17898 682.44455 
coke 815.15088 269.87523 1169.44849 412.27819 
welchs 656.64932 10.35582 1016.27471 216.64048 
tuna 1009.61498 26.32625 1246.70135 255.23567 
