vita500 87.90843 50.28189 229.09469 418.93253 
ID_gum 274.38085 143.44270 430.21852 367.02865 
juicyfresh 415.56712 110.17098 616.69095 176.71442 
welchs 607.36733 22.33364 953.67326 220.63309 
tuna 928.36629 18.34104 1094.85952 263.22089 
buttering 1029.59417 79.56100 1245.36941 687.76802 
couque_white 665.97294 404.29298 1056.23309 679.78281 
couque_coffee 285.03642 412.27819 683.28824 695.75323 
diget_ori 379.60458 208.65527 695.27575 394.97689 
coke 701.93548 253.90481 1068.22060 398.96950 
couque_coffee 701.93548 253.90481 1068.22060 398.96950 
