vita500 89.24037 50.28189 241.08221 426.91774 
ID_gum 249.07388 128.80314 408.90739 357.71257 
juicyfresh 402.24766 108.84011 614.02706 179.37616 
welchs 600.70760 2.37061 935.02601 198.00832 
buttering 1000.29136 102.18577 1237.37773 689.09889 
coke 667.30489 287.17652 1029.59417 428.24861 
tuna 704.59938 190.02311 951.00937 300.48521 
couque_white 641.99792 414.93993 1025.59834 691.76063 
couque_coffee 259.72945 413.60906 651.32154 706.40018 
diget_ori 358.29344 205.99353 679.29240 408.28558 
