diget_ori 69.26119 96.86229 371.61290 323.10998 
ID_gum 363.62123 134.12662 595.37981 293.83087 
vita500 567.40895 72.90665 947.01353 194.01571 
buttering 994.96358 124.81054 1202.74714 720.00000 
tuna 707.26327 186.03050 943.01769 293.83087 
coke 668.63684 296.49261 1037.58585 437.56470 
juicyfresh 614.02706 225.95656 677.96046 429.57948 
welchs 203.78772 299.15434 564.74506 509.43161 
couque_white 218.43913 501.44640 640.66597 689.09889 
couque_coffee 631.34235 496.12292 1045.57752 669.13586 
