diget_ori 70.59313 86.21534 370.28096 300.48521 
ID_gum 367.61707 140.78096 598.04370 296.49261 
welchs 229.09469 275.19871 578.06452 468.17468 
couque_coffee 277.04475 446.88078 648.65765 714.38540 
couque_white 640.66597 438.89556 1018.93861 707.73105 
coke 673.96462 303.14695 1041.58169 440.22643 
juicyfresh 618.02289 227.28743 676.62851 430.91035 
vita500 634.00624 62.25970 1009.61498 198.00832 
tuna 793.83975 152.75878 1037.58585 289.83826 
buttering 1013.61082 115.49445 1208.07492 720.00000 
