diget_ori 201.12383 132.79575 406.24350 450.87338 
welchs 358.29344 288.50739 579.39646 492.13031 
ID_gum 382.26847 139.45009 612.69511 287.17652 
vita500 628.67846 63.59057 1010.94693 195.34658 
tuna 783.18418 155.42052 1041.58169 301.81608 
juicyfresh 610.03122 229.94917 680.62435 428.24861 
coke 687.28408 295.16174 1037.58585 440.22643 
buttering 997.62747 140.78096 1252.02914 713.05453 
couque_white 639.33403 505.43900 1048.24142 677.12107 
couque_coffee 229.09469 536.04898 645.99376 715.71627 
buttering 229.09469 536.04898 645.99376 715.71627 
