diget_ori 65.26535 76.89926 286.36837 402.96211 
welchs 301.01977 42.29667 641.99792 225.95656 
vita500 631.34235 71.57579 1010.94693 212.64787 
tuna 792.50780 155.42052 1038.91779 313.79390 
buttering 993.63163 135.45749 1254.69303 715.71627 
couque_coffee 620.68678 454.86599 989.63580 720.00000 
juicyfresh 615.35900 235.27264 675.29657 437.56470 
coke 683.28824 295.16174 1034.92196 444.21904 
ID_gum 376.94069 257.89741 620.68678 438.89556 
couque_white 247.74194 436.23383 630.01041 699.74584 
