vita500 659.31322 51.61275 1037.58585 178.04529 
welchs 315.67118 9.02495 667.30489 186.03050 
diget_ori 205.11967 168.72921 426.22268 489.46858 
ID_gum 402.24766 256.56654 630.01041 434.90296 
coke 661.97711 299.15434 1032.25806 442.88817 
tuna 793.83975 163.40573 1038.91779 300.48521 
buttering 997.62747 143.44270 1250.69719 720.00000 
couque_white 623.35068 456.19686 992.29969 720.00000 
couque_coffee 255.73361 454.86599 628.67846 717.04713 
juicyfresh 608.69927 227.28743 676.62851 434.90296 
