jjolbyung_noodle 246.40999 7.69409 528.78252 428.24861 
welchs 528.78252 31.64972 871.09261 212.64787 
couque_coffee 860.43704 9.02495 1253.36108 297.82348 
coke 849.78148 284.51479 1236.04579 432.24122 
diget_choco 535.44225 252.57394 863.10094 470.83641 
gumi_gumi 217.10718 394.97689 498.14776 720.00000 
couque_white 472.84079 453.53512 863.10094 718.37800 
jjolbyung_ori 849.78148 401.63124 1268.01249 695.75323 
couque_coffee 849.78148 401.63124 1268.01249 695.75323 
zec 849.78148 401.63124 1268.01249 695.75323 
