diget_choco 187.51777 0.00000 401.98585 365.39011 
diget_ori 385.53191 23.82979 600.00000 389.21989 
welchs 18.43973 467.51777 387.23404 657.02128 
chocopie 375.88654 368.79436 749.21989 574.18441 
toreta 642.55319 224.68085 1228.08511 427.80144 
zec 583.54617 44.25532 1257.58872 248.51064 
jjolbyung_noodle 729.92915 477.73053 1000.85106 890.21277 
couque_white 985.24830 473.19149 1250.78021 820.42553 
tuna 470.07096 601.41846 703.82979 837.44681 
ID_gum 138.72340 634.32628 321.41846 869.21989 
