diget_choco 131.91489 15.88653 354.32628 363.12058 
diget_ori 335.03548 18.15603 557.44686 365.39009 
zec 577.87234 21.56029 1246.24117 234.89362 
toreta 656.17021 194.04255 1240.56745 414.18441 
ID_gum 137.58867 372.19862 295.31915 601.41846 
jjolbyung_noodle 355.46101 377.87234 771.91489 677.44681 
couque_white 843.40426 430.07096 1172.48234 836.31213 
chocopie 524.53904 608.22697 895.60287 893.04968 
tuna 306.66670 661.56032 531.34755 900.99298 
welchs 118.29787 619.57447 320.28372 950.92202 
