diget_choco 104.68085 22.69504 374.75181 381.27660 
diget_ori 365.67378 0.00000 611.91489 355.17734 
zec 600.56745 17.02128 1264.39723 221.27660 
toreta 623.26245 190.63830 1201.98585 397.16314 
welchs 62.69505 397.16314 274.89362 772.76596 
jjolbyung_noodle 265.81564 390.35463 693.61702 661.56032 
couque_white 728.79436 476.59574 1031.48936 894.18447 
chocopie 1000.00000 432.34043 1279.14894 835.17734 
ID_gum 281.70213 653.61702 454.18447 894.18447 
tuna 509.78723 630.92202 741.27660 880.56745 
