diget_choco 114.89362 31.77306 352.05675 385.81564 
diget_ori 373.61702 0.00000 596.02840 329.07803 
zec 571.06383 32.90781 1238.29787 237.16314 
jjolbyung_noodle 92.19862 389.21989 399.71633 819.29085 
welchs 439.43266 330.21277 645.95745 674.04255 
toreta 617.58872 222.41136 1188.36883 436.87947 
chocopie 819.57447 552.62415 1186.09936 844.25532 
couque_white 660.70925 413.04968 1087.37596 585.53191 
ID_gum 406.52484 666.09931 579.00713 913.47521 
tuna 591.48936 669.50356 825.24830 829.50362 
