diget_choco 159.14894 39.71632 391.77308 383.54612 
welchs 346.95037 20.99292 579.57452 364.82272 
diget_ori 357.73053 453.90074 686.80851 668.36883 
jjolbyung_noodle 71.77308 398.29787 396.31207 827.23404 
chocopie 819.57447 617.30500 1237.16319 890.78021 
couque_white 815.03543 350.07090 1232.62415 623.54612 
zec 599.43266 3.40426 1275.74468 192.90782 
toreta 599.43266 179.29080 1188.36883 376.73761 
ID_gum 425.81564 680.85106 590.35468 912.34043 
tuna 605.10638 700.14186 845.67383 877.16319 
