jjolbyung_noodle 192.05675 31.77306 515.46106 449.36170 
diget_choco 27.51777 482.26952 248.79436 834.04255 
diget_ori 229.50356 501.56032 451.91489 846.52489 
ID_gum 456.45394 524.25532 624.39723 755.74468 
tuna 606.24117 628.65250 832.05681 859.00713 
couque_white 792.34043 417.58867 1251.91489 566.24117 
chocopie 805.95745 565.10638 1170.21277 849.92915 
toreta 651.63127 239.43263 1247.37596 439.14894 
zec 609.64542 23.82979 1278.01425 245.10638 
welchs 433.75888 19.29078 643.68798 385.81564 
