jjolbyung_noodle 87.65957 21.56029 388.36883 436.87947 
welchs 339.57447 26.09930 541.56032 384.68085 
zec 617.58872 18.15604 1279.14894 191.77306 
toreta 670.92202 179.29080 1230.35468 380.14186 
diget_choco 54.75181 473.19149 271.48936 819.29085 
diget_ori 251.63122 500.99287 468.36878 847.09223 
ID_gum 500.70925 533.33335 649.36170 776.17021 
tuna 643.68798 603.68798 793.47521 859.00713 
couque_white 734.46809 355.17734 1144.11351 660.42553 
chocopie 832.05681 638.86527 1247.37596 873.75893 
