jjolbyung_noodle 68.36883 0.00000 369.07803 424.39718 
zec 543.82979 11.34753 1224.68085 219.00710 
toreta 673.19149 217.87234 1241.70213 428.93617 
welchs 349.78723 342.69505 693.61702 554.89362 
diget_choco 59.29080 501.56032 271.48936 841.98585 
diget_ori 264.68085 507.23404 478.01425 861.27660 
tuna 625.53191 688.79436 845.67383 929.36170 
chocopie 843.40426 636.59574 1256.45394 872.62415 
couque_white 743.54617 435.74468 1127.09223 599.14894 
ID_gum 490.49649 523.12058 650.49649 767.09223 
