jjolbyung_noodle 234.04255 0.00000 474.61000 375.60287 
zec 577.87234 11.34753 1265.53191 220.14186 
toreta 660.70925 183.82979 1240.56745 381.27660 
diget_ori 53.61702 655.88654 424.68085 879.43266 
diget_choco 54.18441 351.20567 357.44681 574.75178 
welchs 416.17021 363.68795 762.55319 587.23407 
ID_gum 491.06383 600.28370 646.80851 823.82981 
couque_white 766.80851 397.73051 1159.14894 675.74468 
tuna 643.68798 668.36883 881.98585 851.06383 
chocopie 864.96457 661.56032 1271.20574 881.70213 
