jjolbyung_noodle 138.72340 43.12057 593.75893 321.13479 
zec 593.75893 7.94327 1268.93617 213.33335 
chocopie 319.14894 282.55319 691.34755 485.67378 
toreta 683.40426 203.12058 1239.43266 401.70213 
couque_white 768.51064 385.81564 1161.13479 680.85106 
welchs 420.14186 476.59574 751.48936 675.17734 
diget_choco 18.43973 373.33335 321.41846 615.03548 
diget_ori 32.05675 637.73053 337.30500 903.26245 
ID_gum 484.82276 633.19149 636.87947 855.60287 
tuna 859.29085 662.69505 1113.47521 906.66670 
