diget_ori 42.26952 636.59574 336.17021 908.93617 
diget_choco 55.88654 376.73761 428.08511 584.39718 
welchs 399.71636 460.14186 771.91492 667.80144 
couque_white 761.70213 637.73053 1169.07808 919.14894 
tuna 917.16319 393.75888 1179.29085 626.38298 
jjolbyung_noodle 116.02840 0.00000 596.02840 320.00000 
chocopie 357.73053 174.75178 716.31213 401.70213 
ID_gum 474.61000 632.05675 641.41851 856.73766 
toreta 718.58159 223.54612 1268.93617 416.45394 
zec 614.18447 29.50355 1272.34043 236.02838 
