zec 608.51064 43.12057 1270.07096 228.08511 
diget_choco 28.65250 402.83691 390.63830 593.47521 
diget_ori 34.89364 632.05681 396.87944 822.69510 
welchs 405.95752 469.78723 767.94332 660.42553 
ID_gum 481.41851 642.26952 639.14894 856.73766 
couque_white 748.08511 396.02840 1027.23404 777.30500 
tuna 1030.63830 610.49649 1200.85106 849.92915 
toreta 694.75181 225.81561 1260.99298 408.51064 
chocopie 302.12766 178.15604 614.18447 396.02840 
jjolbyung_noodle 79.71633 53.33334 505.24830 246.24114 
