jjolbyung_noodle 151.20569 73.75888 552.90787 264.39718 
zec 615.31915 49.92908 1280.00000 231.48936 
chocopie 314.60995 260.99293 623.26245 475.46101 
toreta 699.29085 223.54612 1262.12766 408.51064 
couque_white 725.39011 398.29787 994.32628 770.49649 
tuna 997.73053 469.78723 1217.87234 708.08511 
ID_gum 699.29085 769.36170 946.66670 919.14894 
diget_ori 44.53904 622.97872 396.31207 830.63830 
welchs 468.93617 484.53904 651.63127 832.90787 
diget_choco 45.67378 392.62415 333.90074 616.17021 
