jjolbyung_noodle 142.12766 15.88653 539.29085 271.20569 
zec 627.80149 18.15604 1276.87947 206.52484 
chocopie 308.93617 253.04965 615.31915 476.59574 
toreta 695.88659 232.62412 1259.85819 418.72340 
couque_white 732.19862 414.18441 1001.13479 795.46106 
welchs 985.24830 481.13479 1190.63830 841.98585 
diget_ori 290.21282 509.50356 495.60282 870.35463 
diget_choco 41.70218 504.96457 247.09218 865.81564 
tuna 573.33340 498.15606 692.48234 719.43266 
ID_gum 551.77308 696.73761 701.56032 928.22702 
