jjolbyung_noodle 197.73053 6.80851 626.66670 250.78016 
zec 640.28372 0.00000 1278.01425 214.46809 
toreta 607.37596 217.87234 1178.15606 406.24117 
chocopie 230.63830 200.85106 605.10638 448.22697 
tuna 83.12058 389.21989 337.30500 610.49649 
diget_choco 271.48936 621.84399 529.07808 888.51064 
diget_ori 3.68795 634.32628 298.72340 914.61000 
couque_white 746.95042 608.22697 1128.22702 896.45394 
welchs 804.82276 432.34043 1175.88659 617.30500 
ID_gum 572.19862 517.44681 719.71638 761.41851 
diget_ori 572.19862 517.44681 719.71638 761.41851 
