jjolbyung_noodle 87.65957 35.17731 516.59574 278.01420 
chocopie 230.63830 245.10638 592.62415 450.49649 
zec 548.36883 85.10638 1215.60287 265.53191 
toreta 589.21989 324.53904 752.62415 896.45394 
couque_white 763.97170 612.76596 1148.65255 914.61000 
welchs 802.55319 460.70925 1160.00000 640.00000 
tuna 305.53191 638.86527 535.88659 879.43266 
diget_choco 238.58159 437.44681 496.17021 657.58867 
diget_ori 3.40426 602.55322 289.07803 883.40426 
ID_gum 809.92910 251.91492 1055.31915 434.04255 
