chocopie 245.39011 3.40426 634.61000 281.41846 
ID_gum 808.22702 78.29787 1046.52489 241.70213 
welchs 809.36170 253.04965 1163.40426 450.49649 
couque_white 779.85819 445.95745 1150.92202 718.29787 
zec 508.65255 699.00713 1179.29085 912.34043 
toreta 592.62415 137.30497 795.74468 700.14186 
jjolbyung_noodle 188.65250 222.41136 615.31915 607.09223 
diget_choco 15.03548 374.46809 304.39718 590.07096 
tuna 37.73053 594.60995 288.51064 843.12064 
diget_ori 297.58867 544.68085 492.76596 881.70213 
