chocopie 247.65957 20.42553 558.58159 272.34043 
ID_gum 818.43979 73.75888 1047.65957 238.29787 
welchs 812.76596 304.11351 1173.61702 507.23404 
zec 535.88659 700.14186 1216.73766 873.75893 
diget_ori 337.30500 528.79436 531.34755 868.08511 
jjolbyung_noodle 244.25532 254.18441 660.70925 519.71633 
toreta 592.62415 129.36170 860.42553 687.65957 
diget_choco 9.36170 418.72340 306.66670 641.13479 
tuna 109.21989 603.68798 332.76596 844.25532 
couque_white 846.52489 489.64542 1280.00000 665.53191 
