chocopie 177.30500 12.48227 565.39011 240.56739 
tuna 787.80149 48.79433 1024.96457 278.01420 
jjolbyung_noodle 260.14186 228.08511 641.41851 506.09931 
welchs 813.90074 307.51777 1175.88659 512.90782 
toreta 598.29787 137.30497 845.67383 693.33335 
couque_white 842.26957 500.42553 1234.89362 762.55319 
zec 559.71638 750.07096 1225.81564 949.78723 
ID_gum 378.15606 535.60287 606.24117 684.25532 
diget_ori 122.83691 569.64542 308.93617 918.01425 
diget_choco 0.00000 291.63122 271.48936 540.14186 
