chocopie 256.95167 16.83178 628.10409 286.13866 
tuna 831.12773 26.33673 1043.66795 267.12876 
welchs 812.09427 308.31683 1167.38543 511.08921 
jjolbyung_noodle 241.09056 286.13866 650.30989 561.78223 
ID_gum 95.16729 254.45554 244.26275 523.76242 
diget_ori 111.02855 568.11891 326.74111 916.63366 
diget_choco 307.70758 580.79213 523.42015 929.30688 
toreta 653.48208 197.42584 827.95539 761.38619 
zec 577.34825 742.37629 1234.00253 935.64356 
couque_white 840.64446 533.26738 1234.00253 701.18822 
