chocopie 253.77948 35.84168 624.93189 260.79208 
tuna 796.23301 35.84168 1034.15123 238.61391 
ID_gum 98.33955 276.63371 244.26275 507.92079 
jjolbyung_noodle 247.43494 273.46544 659.82661 558.61396 
couque_white 697.89353 210.09906 1135.66305 371.68322 
welchs 818.43866 355.84158 1173.72996 536.43564 
zec 593.20951 520.59416 1265.72491 720.19812 
diget_choco 123.71747 558.61396 329.91331 903.96044 
diget_ori 329.91331 577.62386 523.42007 910.29713 
toreta 558.31479 777.22782 1129.31851 960.00000 
