chocopie 277.16314 38.58157 656.17021 276.87944 
tuna 804.82276 5.67376 1031.77308 219.00710 
ID_gum 83.12058 236.02838 231.77308 481.13479 
diget_choco 110.35463 498.15606 453.04968 710.35463 
welchs 824.11354 333.04965 1166.80859 545.24822 
zec 602.83691 519.71633 1271.20574 693.33335 
toreta 542.69510 726.24117 1120.28372 913.47521 
jjolbyung_noodle 347.51777 254.18441 783.26245 510.63830 
couque_white 756.02840 205.39008 1204.25532 355.17734 
couque_white 110.35463 704.68085 401.98585 958.86532 
