chocopie 229.50356 2.26951 585.81564 301.84399 
tuna 776.45394 1.13476 1009.07808 205.39008 
ID_gum 74.04255 246.24114 234.04255 489.07803 
diget_choco 101.27660 510.63830 458.72340 706.95037 
diget_ori 150.07096 699.00713 412.19862 955.46106 
toreta 521.13479 746.66670 1118.01425 957.73053 
zec 608.51064 511.77308 1270.07096 678.58159 
welchs 810.49649 324.53904 1189.50362 512.90782 
couque_white 743.54617 177.02128 1200.85106 331.34755 
jjolbyung_noodle 331.63122 260.99293 778.72340 503.82979 
