chocopie 223.82979 14.75178 598.29787 298.43973 
tuna 765.10638 4.53902 1006.80851 205.39008 
couque_white 741.84404 183.26242 1202.55319 338.72340 
welchs 821.84404 337.02128 1172.48234 514.04255 
diget_choco 99.57447 514.04255 450.21277 691.06383 
diget_ori 150.07096 709.21989 407.65957 956.59574 
toreta 538.15606 716.02840 1137.30500 927.09223 
zec 597.16319 507.23404 1276.87947 687.65957 
ID_gum 80.85106 246.24114 246.52484 491.34755 
jjolbyung_noodle 332.76596 232.05675 775.31915 530.49649 
