ID_gum 92.19862 114.60995 332.76596 363.12058 
diget_choco 15.03548 556.02840 307.80144 793.19149 
diget_ori 331.63122 557.16314 540.42553 899.85819 
welchs 759.43266 380.14186 1113.47521 563.97165 
toreta 598.29787 675.17734 845.67383 956.59574 
zec 596.02840 516.31207 1255.31915 788.65255 
couque_white 724.25532 13.61702 1113.47521 288.22697 
jjolbyung_noodle 353.19149 270.07093 760.56745 537.87234 
chocopie 345.24824 24.96455 720.85106 283.68798 
tuna 869.50362 263.26242 1128.22702 382.41138 
