homerunball 21.84399 0.00000 367.94330 561.70213 
jjolbyung_noodle 455.31915 71.48936 766.24117 514.04255 
toreta 733.04968 46.52483 1280.00000 262.12766 
diget_ori 817.30500 272.34043 1097.58872 501.56032 
buttering 1060.99298 335.88654 1280.00000 960.00000 
welchs 864.96457 493.61702 1064.68085 843.12064 
jjolbyung_ori 425.81564 493.61702 846.80851 758.01425 
diget_choco 66.09931 586.66670 417.87234 784.11351 
samdasu 93.33335 740.99298 678.86532 949.78723 
jjolbyung_ori 93.33335 740.99298 678.86532 949.78723 
diget_ori 93.33335 740.99298 678.86532 949.78723 
