gumi_gumi 59.29080 60.14185 379.29080 409.64542 
jjolbyung_noodle 12.76596 449.36170 339.57447 883.97170 
jjolbyung_ori 313.47521 474.89362 640.28372 909.50362 
welchs 581.27660 324.53904 921.70213 526.52484 
diget_choco 756.02840 86.24114 1107.80149 287.09223 
diget_ori 409.92910 1.13476 736.73766 214.46809 
juicyfresh 381.56032 307.51777 575.60287 415.31915 
tuna 846.80851 557.16314 1081.70213 807.94330 
welchs 846.80851 557.16314 1081.70213 807.94330 
vita500 648.22702 509.50356 783.26245 883.97170 
