welchs 478.01425 519.71633 667.51777 864.68085 
gumi_gumi 112.62415 500.42553 462.12766 809.07808 
vita500 370.21277 55.60285 493.90074 432.34043 
diget_ori 733.33340 99.85816 952.34043 438.01420 
diget_choco 972.19862 81.70214 1191.20564 419.85818 
jjolbyung_ori 993.19149 466.38298 1265.53191 873.75893 
tuna 759.43266 577.58867 1014.75181 713.75888 
juicyfresh 599.43266 200.85106 680.00000 431.20569 
jjolbyung_noodle 76.31207 79.43263 375.88654 484.53904 
juicyfresh 76.31207 79.43263 375.88654 484.53904 
