couque_white 109.21989 0.00000 324.82271 450.49649 
chocopie 349.78723 19.29078 569.92915 401.70213 
gumi_gumi 592.62415 114.60995 899.00713 473.19149 
jjolbyung_noodle 908.08511 51.06383 1214.46809 487.94330 
coke 94.46809 504.96457 262.41138 895.31915 
jjolbyung_ori 330.49649 473.19149 627.80149 899.85819 
cidar 655.03553 523.12058 833.19149 937.30500 
juicyfresh 899.00713 630.92202 975.03553 860.14191 
tuna 1006.80851 577.58867 1248.51064 811.34755 
coke 1006.80851 577.58867 1248.51064 811.34755 
