couque_white 71.77308 60.14185 495.03553 351.77308 
chocopie 547.23404 59.00710 897.87234 342.69505 
jjolbyung_noodle 904.68085 102.12766 1170.21277 508.36883 
coke 948.93617 549.21989 1119.14894 919.14894 
tuna 571.06383 335.88654 793.47521 553.75888 
cidar 527.94330 545.81564 927.37596 710.35463 
gumi_gumi 509.78723 688.79436 869.50362 947.51777 
juicyfresh 357.73053 557.16314 448.51064 772.76596 
jjolbyung_ori 87.65957 462.97872 360.00000 903.26245 
juicyfresh 87.65957 462.97872 360.00000 903.26245 
