diget_ori 94.46809 0.00000 323.68798 346.09931 
diget_choco 329.36170 116.87944 683.40426 325.67378 
buttering 720.85106 170.21277 948.93617 771.63127 
zec 960.28372 148.65250 1174.75181 835.17734 
vita500 557.44681 346.09931 685.67383 745.53191 
tuna 308.36883 345.53191 543.26245 596.31207 
juicyfresh 375.88654 595.74468 454.18447 814.75181 
jjolbyung_noodle 28.65250 388.08511 299.85819 809.07808 
vita500 28.65250 388.08511 299.85819 809.07808 
buttering 28.65250 388.08511 299.85819 809.07808 
