juicyfresh 26.38298 18.15604 236.31207 91.91489 
ID_gum 229.50356 12.48227 478.01425 169.07803 
toreta 422.41138 31.77306 994.32628 217.87234 
samdasu 487.09223 216.73761 1065.81564 392.62415 
cidar 91.06383 288.22697 507.51777 467.51777 
gumi_gumi 110.35463 472.05675 404.25532 862.41138 
couque_coffee 593.19157 445.95747 887.09226 836.31210 
squid_peanut 854.75181 361.98585 1260.99298 944.11351 
welchs 386.09931 498.15606 556.31213 852.19862 
couque_white 386.09931 498.15606 556.31213 852.19862 
