jjolbyung_ori 150.08560 80.66390 590.36576 370.45643 
couque_white 46.49027 355.51867 353.29183 751.86722 
samdasu 458.87938 272.86307 658.10117 482.98755 
couque_coffee 670.05447 106.55602 948.96498 494.93776 
ID_gum 938.00778 259.91701 1114.31907 509.87552 
spearmint 1029.64981 439.17012 1179.06615 630.37344 
juicyfresh 818.47471 487.96680 1023.67315 557.67635 
tuna 799.54864 548.71369 1029.64981 779.75104 
gumi_gumi 516.65370 475.02075 825.44747 840.49793 
jjolbyung_ori 268.62257 438.17427 599.33074 884.31535 
