samdasu 133.15175 23.90041 692.96498 234.02490 
jjolbyung_ori 0.00000 184.23237 477.80545 386.39004 
juicyfresh 441.94553 245.97510 638.17899 324.64730 
spearmint 480.79377 322.65560 677.02724 436.18257 
couque_white 18.59922 373.44398 382.17899 792.69710 
jjolbyung_noodle 294.52140 422.24066 476.80934 894.27386 
ID_gum 518.64591 537.75934 687.98444 775.76763 
gumi_gumi 641.16732 480.99585 963.90661 849.46058 
tuna 921.07393 430.20747 1165.12062 653.27801 
couque_coffee 678.02335 110.53942 952.94942 496.92946 
