jjolbyung_ori 148.09339 71.70124 607.29961 391.36929 
juicyfresh 599.33074 211.12033 666.07004 410.29046 
spearmint 678.02335 240.99585 763.68872 437.17842 
couque_coffee 741.77432 43.81743 1028.65370 473.02905 
couque_white 201.88327 327.63485 512.66926 720.00000 
tuna 172.00000 709.04564 421.02724 873.36100 
jjolbyung_noodle 440.94942 374.43983 626.22568 816.59751 
ID_gum 575.42412 565.64315 719.85992 789.70954 
gumi_gumi 677.02724 475.02075 978.84825 842.48963 
samdasu 924.06226 220.08299 1153.16732 792.69710 
juicyfresh 924.06226 220.08299 1153.16732 792.69710 
