jjolbyung_ori 111.23735 24.89627 590.36576 338.58921 
jjolbyung_noodle 2.66148 308.71369 234.75486 745.89212 
couque_white 202.87938 317.67635 483.78210 708.04979 
tuna 201.88327 692.11618 440.94942 843.48548 
samdasu 450.91051 233.02905 650.13230 795.68465 
spearmint 630.21012 150.37344 704.91829 357.51037 
juicyfresh 671.05058 199.17012 756.71595 398.34025 
couque_coffee 739.78210 174.27386 1140.21790 462.07469 
gumi_gumi 726.83268 445.14523 1048.57588 822.57261 
ID_gum 615.59533 524.81328 784.60700 770.78838 
