juicyfresh 253.68093 185.22822 466.84825 256.92946 
samdasu 498.72374 30.87137 686.98833 308.71369 
spearmint 604.31128 301.74274 675.03502 505.89212 
couque_coffee 766.67704 185.22822 1182.05447 480.99585 
gumi_gumi 839.39300 472.03320 1131.25292 866.39004 
ID_gum 706.91051 481.99170 861.30739 703.07054 
jjolbyung_ori 448.91829 514.85477 718.86381 956.01660 
couque_white 254.67704 275.85062 488.76265 697.09544 
jjolbyung_noodle 90.31907 268.87967 291.53307 711.03734 
tuna 182.28794 715.02075 421.02724 877.34440 
