jjolbyung_noodle 624.23346 39.83402 1072.48249 241.99170 
samdasu 710.89494 231.03734 1280.00000 419.25311 
spearmint 599.33074 159.33610 691.96887 366.47303 
juicyfresh 473.82101 358.50622 663.08171 506.88797 
couque_white 215.82879 317.67635 495.73541 743.90041 
couque_coffee 90.31907 282.82158 371.22179 720.99585 
tuna 153.07393 709.04564 395.12840 865.39419 
jjolbyung_ori 382.17899 502.90456 863.29961 955.02075 
ID_gum 588.70039 418.25726 817.47860 664.23237 
gumi_gumi 844.37354 393.36100 1228.87160 705.06224 
