jjolbyung_noodle 703.92218 0.00000 1117.30739 309.70954 
couque_coffee 156.06226 67.71784 598.33463 258.92116 
juicyfresh 236.74708 280.82988 448.91829 346.55602 
couque_white 168.01556 335.60166 604.31128 490.95436 
spearmint 576.42023 373.44398 661.08949 576.59751 
ID_gum 237.74319 506.88797 464.85603 649.29461 
jjolbyung_ori 353.29183 675.18672 803.53307 954.02490 
samdasu 649.13619 557.67635 1214.92607 763.81743 
gumi_gumi 640.17121 244.97925 1025.66537 583.56846 
tuna 1000.76265 306.72199 1173.08949 548.71369 
