couque_coffee 134.14786 142.40664 541.55642 442.15768 
ID_gum 346.31907 14.93776 587.37743 195.18672 
jjolbyung_noodle 706.91051 0.00000 1118.30350 308.71369 
gumi_gumi 641.16732 252.94606 1018.69261 556.68050 
spearmint 588.37354 339.58506 652.12451 538.75519 
juicyfresh 178.97276 408.29876 393.13619 494.93776 
couque_white 56.45136 504.89627 320.42023 931.12033 
jjolbyung_ori 256.66926 608.46473 717.86770 956.01660 
samdasu 481.78988 531.78423 1044.59144 714.02490 
tuna 723.84436 691.12033 948.96498 841.49378 
