couque_coffee 225.78988 21.90871 526.61479 425.22822 
ID_gum 517.64981 57.75934 707.90661 310.70539 
jjolbyung_noodle 646.14786 1.99170 1104.35798 411.28631 
spearmint 599.33074 344.56432 758.70817 517.84232 
juicyfresh 753.72763 404.31535 944.98054 538.75519 
couque_white 998.77043 326.63900 1219.23735 752.86307 
tuna 705.91440 683.15353 947.96887 840.49793 
samdasu 410.07004 426.22407 632.20233 646.30705 
jjolbyung_ori 277.58755 628.38174 719.85992 933.11203 
gumi_gumi 30.55253 418.25726 330.38132 792.69710 
