couque_white 85.33852 22.90456 380.18677 414.27386 
couque_coffee 375.20623 24.89627 642.16342 406.30705 
ID_gum 640.17121 55.76763 790.58366 285.80913 
tuna 836.40467 90.62241 1078.45914 322.65560 
spearmint 640.17121 324.64730 762.69261 511.86722 
juicyfresh 756.71595 402.32365 939.00389 548.71369 
samdasu 412.06226 430.20747 633.19844 649.29461 
gumi_gumi 83.34630 425.22822 374.21012 799.66805 
jjolbyung_ori 342.33463 668.21577 788.59144 938.09129 
jjolbyung_noodle 730.81712 529.79253 1164.12451 957.01245 
