couque_white 79.36187 19.91701 383.17510 416.26556 
jjolbyung_noodle 358.27237 0.00000 735.79767 429.21162 
couque_coffee 586.38132 99.58506 980.84047 536.76349 
ID_gum 911.11284 351.53527 1157.15175 596.51452 
spearmint 746.75486 526.80498 938.00778 647.30290 
juicyfresh 682.00778 641.32780 883.22179 705.06224 
samdasu 421.35409 406.30705 648.14008 627.38589 
tuna 316.43580 481.99170 536.57588 720.99585 
gumi_gumi 83.34630 426.22407 369.22957 800.66390 
jjolbyung_ori 342.33463 662.24066 788.59144 944.06639 
