jjolbyung_noodle 256.66926 0.99585 711.89105 378.42324 
couque_white 69.40078 221.07884 461.86770 442.15768 
couque_coffee 731.81323 144.39834 1187.03502 374.43983 
ID_gum 868.28016 340.58091 1097.38521 483.98340 
spearmint 740.77821 479.00415 932.03113 535.76763 
juicyfresh 715.87549 535.76763 919.08171 596.51452 
samdasu 508.68482 441.16183 728.82490 668.21577 
jjolbyung_ori 617.26070 562.65560 1081.44747 878.34025 
tuna 426.00778 653.27801 555.50195 883.31950 
gumi_gumi 137.13619 512.86307 457.88327 893.27801 
