jjolbyung_noodle 497.72763 0.00000 923.06615 310.70539 
couque_coffee 508.68482 256.92946 942.98833 456.09959 
couque_white 150.08560 130.45643 346.31907 558.67220 
ID_gum 128.17121 583.56846 375.20623 745.89212 
samdasu 467.84436 411.28631 692.96498 641.32780 
tuna 376.20233 667.21992 515.65759 907.21992 
juicyfresh 714.87938 545.72614 913.10506 605.47718 
spearmint 713.88327 479.00415 911.11284 540.74689 
gumi_gumi 906.13230 197.17842 1201.97665 546.72199 
jjolbyung_ori 676.03113 639.33610 1139.22179 902.24066 
