jjolbyung_noodle 256.66926 50.78838 551.51751 474.02490 
couque_white 530.59922 38.83817 926.05447 325.64315 
couque_coffee 524.62257 283.81743 946.97276 450.12448 
gumi_gumi 912.10895 204.14938 1206.95720 548.71369 
spearmint 714.87938 479.00415 914.10117 537.75934 
juicyfresh 713.88327 546.72199 918.08560 602.48963 
samdasu 465.85214 415.26971 693.96109 636.34855 
ID_gum 204.87160 488.96266 436.96498 631.36929 
tuna 445.92996 688.13278 578.41245 929.12863 
jjolbyung_ori 679.01946 635.35270 1129.26070 901.24481 
