jjolbyung_noodle 283.56420 36.84647 553.50973 457.09544 
samdasu 124.18677 89.62656 309.46304 652.28216 
ID_gum 311.45525 498.92116 535.57977 641.32780 
couque_coffee 547.53307 1.99170 931.03502 285.80913 
couque_white 522.63035 268.87967 903.14397 540.74689 
spearmint 660.09339 530.78838 860.31128 584.56432 
juicyfresh 661.08949 575.60166 860.31128 634.35685 
gumi_gumi 946.97276 160.33195 1273.69650 533.77593 
jjolbyung_ori 581.40078 571.61826 1048.57588 890.29046 
tuna 302.49027 710.04149 539.56420 854.43983 
