samdasu 116.21790 89.62656 310.45914 650.29046 
gumi_gumi 288.54475 157.34440 658.10117 495.93361 
couque_coffee 635.19066 0.00000 1069.49416 192.19917 
jjolbyung_noodle 661.08949 177.26141 1084.43580 447.13693 
spearmint 723.84436 479.00415 925.05837 551.70124 
juicyfresh 738.78599 575.60166 942.98833 673.19502 
jjolbyung_ori 804.52918 594.52282 1280.00000 938.09129 
couque_white 485.77432 481.99170 699.93774 909.21162 
ID_gum 301.49416 505.89212 539.56420 648.29876 
tuna 297.50973 707.05394 529.60311 857.42739 
