samdasu 69.40078 73.69295 275.59533 633.36100 
gumi_gumi 306.47471 175.26971 661.08949 470.04149 
jjolbyung_noodle 569.44747 30.87137 941.99222 477.01245 
couque_white 877.24514 202.15768 1273.69650 638.34025 
spearmint 699.93774 456.09959 898.16342 552.69710 
juicyfresh 723.84436 577.59336 924.06226 681.16183 
couque_white 584.38911 482.98755 711.89105 915.18672 
jjolbyung_ori 803.53307 590.53942 1279.67315 935.10373 
ID_gum 367.23735 502.90456 569.44747 750.87137 
tuna 166.02335 670.20747 409.07393 905.22822 
