samdasu 52.46693 63.73444 374.21012 331.61826 
spearmint 432.98054 114.52282 632.20233 184.23237 
juicyfresh 415.05058 206.14108 615.26848 272.86307 
gumi_gumi 658.10117 2.98755 1097.38521 399.33610 
couque_coffee 906.13230 199.17012 1240.82490 624.39834 
jjolbyung_ori 719.85992 566.63900 1200.98054 960.00000 
couque_white 449.91440 539.75104 745.75875 945.06224 
jjolbyung_noodle 423.34630 269.87552 846.69261 554.68880 
tuna 124.18677 389.37759 366.24125 615.43568 
ID_gum 291.53307 634.35685 459.87549 872.36515 
