samdasu 76.37354 110.53942 642.16342 353.52697 
spearmint 662.08560 139.41909 863.29961 220.08299 
juicyfresh 642.16342 219.08714 840.38911 305.72614 
couque_coffee 901.47860 129.46058 1195.00389 516.84647 
jjolbyung_noodle 482.78599 288.79668 900.15564 606.47303 
couque_white 397.12062 559.66805 822.45914 707.05394 
tuna 123.19066 388.38174 367.23735 613.44398 
ID_gum 201.88327 605.47718 354.28794 827.55187 
gumi_gumi 401.43191 682.15768 769.66537 947.05394 
jjolbyung_ori 872.26459 510.87137 1166.11673 954.02490 
