samdasu 162.03891 108.54772 725.83658 342.57261 
jjolbyung_ori 727.15953 71.70124 1175.08171 358.50622 
ID_gum 982.83268 362.48963 1147.19066 597.51037 
juicyfresh 862.30350 620.41494 1032.63813 804.64730 
jjolbyung_noodle 472.82490 317.67635 887.20623 606.47303 
couque_coffee 281.57198 293.77593 490.75486 716.01660 
tuna 122.19455 392.36515 344.32685 612.44813 
couque_white 503.70428 572.61411 822.45914 749.87552 
gumi_gumi 390.14786 640.33195 771.65759 958.00830 
spearmint 218.81712 646.30705 363.25292 836.51452 
