gumi_gumi 180.96498 28.87967 564.46693 330.62241 
jjolbyung_ori 656.10895 72.69710 1116.31128 358.50622 
jjolbyung_noodle 598.33463 323.65145 1016.70039 608.46473 
ID_gum 985.82101 369.46058 1145.19844 602.48963 
juicyfresh 971.87549 646.30705 1133.24514 843.48548 
couque_white 593.35409 592.53112 970.87938 865.39419 
samdasu 416.04669 312.69710 609.29183 872.36515 
couque_coffee 234.75486 319.66805 432.98054 737.92531 
tuna 21.58755 396.34855 262.64591 615.43568 
spearmint 144.10895 733.94191 360.26459 829.54357 
