gumi_gumi 278.58366 14.93776 573.43191 397.34440 
juicyfresh 579.40856 53.77593 775.64202 202.15768 
jjolbyung_noodle 578.41245 68.71369 1031.64202 461.07884 
ID_gum 940.99611 224.06639 1201.97665 467.05394 
samdasu 742.77043 358.50622 960.91829 546.72199 
tuna 512.66926 355.51867 674.03891 595.51867 
couque_coffee 264.63813 411.28631 439.95331 831.53527 
spearmint 157.05837 614.43983 233.75875 813.60996 
couque_white 511.67315 572.61411 897.16732 857.42739 
jjolbyung_ori 876.57588 502.90456 1178.07004 941.07884 
