jjolbyung_noodle 0.00000 175.26971 295.51751 598.50622 
gumi_gumi 291.53307 0.00000 600.32685 392.36515 
juicyfresh 605.30739 90.62241 791.57977 225.06224 
jjolbyung_ori 740.77821 76.68050 1225.88327 399.33610 
tuna 576.42023 210.12448 794.56809 432.19917 
couque_coffee 310.45914 430.20747 684.99611 695.10373 
spearmint 158.05447 614.43983 230.77043 808.63071 
ID_gum 246.70817 745.89212 485.77432 909.21162 
samdasu 684.00000 484.97925 898.16342 700.08299 
couque_white 879.23735 431.20332 1122.28794 857.42739 
