gumi_gumi 212.84047 39.83402 624.23346 378.42324 
tuna 559.48638 166.30705 785.60311 400.33195 
juicyfresh 914.10117 256.92946 1113.32296 402.32365 
jjolbyung_noodle 754.72374 0.00000 1208.94942 376.43154 
couque_white 864.29572 416.26556 1170.10117 809.62656 
samdasu 717.86770 341.57676 887.20623 912.19917 
couque_coffee 280.57588 412.28216 678.02335 703.07054 
ID_gum 131.15953 325.64315 288.54475 553.69295 
spearmint 156.06226 614.43983 233.75875 815.60166 
jjolbyung_ori 239.73541 679.17012 691.96887 958.00830 
