couque_coffee 38.52140 98.58921 507.68872 309.70954 
tuna 552.51362 169.29461 779.62646 395.35270 
jjolbyung_noodle 793.57198 54.77178 1245.80545 426.22407 
couque_white 849.35409 426.22407 1144.20233 813.60996 
samdasu 697.94553 343.56846 880.23346 912.19917 
juicyfresh 601.64981 504.89627 673.04280 705.06224 
gumi_gumi 284.56031 318.67220 579.40856 693.11203 
ID_gum 129.16732 325.64315 289.54086 556.68050 
spearmint 157.05837 612.44813 233.75875 815.60166 
jjolbyung_ori 240.73152 688.13278 702.92607 955.02075 
