samdasu 83.34630 25.89212 647.14397 213.11203 
jjolbyung_noodle 771.65759 89.62656 1231.85992 382.40664 
couque_coffee 827.43969 463.07054 1109.33852 849.46058 
couque_white 561.47860 347.55187 839.39300 731.95021 
juicyfresh 473.82101 346.55602 572.43580 542.73859 
gumi_gumi 127.17510 192.19917 520.63813 487.96680 
ID_gum 47.48638 475.02075 213.83658 703.07054 
spearmint 109.24514 696.09959 209.85214 907.21992 
tuna 218.81712 447.13693 457.88327 672.19917 
jjolbyung_ori 251.68872 677.17842 711.89105 958.00830 
