samdasu 232.76265 34.85477 797.55642 225.06224 
jjolbyung_noodle 24.57588 204.14938 463.85992 482.98755 
gumi_gumi 460.87160 209.12863 743.76654 564.64730 
tuna 227.78210 468.04979 467.84436 690.12448 
ID_gum 45.49416 475.02075 214.83268 707.05394 
spearmint 110.24125 700.08299 203.87549 905.22822 
jjolbyung_ori 313.44747 677.17842 757.71206 949.04564 
juicyfresh 516.65370 562.65560 723.84436 648.29876 
couque_white 782.61479 377.42739 960.91829 796.68050 
couque_coffee 952.94942 382.40664 1112.32685 815.60166 
