samdasu 236.74708 33.85892 797.55642 228.04979 
couque_coffee 758.70817 92.61411 1179.06615 537.75934 
jjolbyung_noodle 345.32296 219.08714 778.63035 500.91286 
tuna 65.41634 238.00830 313.44747 375.43568 
ID_gum 184.94942 432.19917 349.30739 664.23237 
juicyfresh 470.83268 551.70124 675.03502 654.27386 
spearmint 66.41245 602.48963 145.10506 799.66805 
jjolbyung_ori 246.70817 655.26971 719.85992 958.00830 
couque_white 668.06226 483.98340 956.93385 879.33610 
gumi_gumi 922.07004 509.87552 1228.87160 872.36515 
