jjolbyung_noodle 261.64981 27.88382 694.95720 302.73859 
tuna 70.39689 232.03320 327.39300 397.34440 
couque_white 304.48249 311.70124 729.82101 451.12033 
couque_coffee 785.60311 75.68465 1236.84047 445.14523 
samdasu 960.91829 370.45643 1279.00389 578.58921 
jjolbyung_ori 665.07393 489.95851 956.93385 950.04149 
juicyfresh 572.43580 551.70124 637.18288 618.42324 
ID_gum 261.64981 482.98755 494.73930 651.28631 
spearmint 400.10895 727.96680 603.31518 809.62656 
gumi_gumi 31.54864 539.75104 331.37743 929.12863 
