jjolbyung_noodle 261.64981 23.90041 688.98054 311.70124 
tuna 67.40856 229.04564 320.42023 397.34440 
couque_white 299.50195 309.70954 727.82879 448.13278 
couque_coffee 783.61089 73.69295 1220.90272 426.22407 
samdasu 940.99611 349.54357 1263.73541 553.69295 
jjolbyung_ori 668.06226 490.95436 950.95720 948.04979 
juicyfresh 550.52140 545.72614 621.24514 744.89627 
spearmint 400.10895 733.94191 598.33463 810.62241 
ID_gum 253.68093 484.97925 494.73930 647.30290 
gumi_gumi 32.54475 538.75519 328.38911 918.17427 
