jjolbyung_noodle 310.45914 14.93776 787.59533 275.85062 
tuna 68.40467 226.05809 326.39689 399.33610 
couque_white 428.00000 271.86722 740.77821 436.18257 
couque_coffee 813.49416 199.17012 1258.75486 512.86307 
samdasu 808.51362 438.17427 1175.08171 957.01245 
juicyfresh 547.53307 544.73029 629.21401 742.90456 
ID_gum 298.50584 431.20332 552.51362 642.32365 
spearmint 397.12062 734.93776 598.33463 811.61826 
gumi_gumi 51.47082 545.72614 246.70817 960.00000 
jjolbyung_ori 583.39300 499.91701 967.89105 960.00000 
