jjolbyung_noodle 256.66926 59.75104 712.88716 252.94606 
couque_white 697.94553 153.36100 1097.38521 428.21577 
samdasu 554.50584 434.19087 1121.29183 603.48548 
gumi_gumi 283.56420 226.05809 607.29961 614.43983 
jjolbyung_ori 4.65370 186.22407 289.54086 623.40249 
ID_gum 112.23346 669.21162 281.57198 904.23237 
tuna 290.53696 705.06224 523.62646 950.04149 
spearmint 438.95720 656.26556 640.17121 742.90456 
juicyfresh 433.97665 602.48963 638.50584 685.14523 
couque_coffee 703.92218 595.51867 1110.33463 907.21992 
