jjolbyung_noodle 263.64202 62.73859 709.89883 256.92946 
couque_coffee 661.08949 150.37344 1099.37743 337.59336 
ID_gum 643.15953 350.53942 878.24125 424.23237 
couque_white 638.17899 379.41909 1056.54475 703.07054 
gumi_gumi 310.45914 235.02075 608.29572 597.51037 
jjolbyung_ori 90.31907 207.13693 345.32296 654.27386 
tuna 247.70428 647.30290 402.10117 890.29046 
spearmint 467.84436 592.53112 565.46304 794.68880 
juicyfresh 574.42802 595.51867 664.07782 796.68050 
samdasu 637.18288 623.40249 1178.07004 958.00830 
