jjolbyung_noodle 189.92996 7.96680 617.26070 284.81328 
spearmint 436.96498 262.90456 637.18288 337.59336 
couque_coffee 674.03891 0.00000 1063.51751 290.78838 
tuna 664.07782 280.82988 899.15953 422.24066 
couque_white 552.51362 380.41494 964.90272 713.02905 
samdasu 833.41634 397.34440 1141.21401 957.01245 
gumi_gumi 249.69650 347.55187 596.34241 758.83817 
jjolbyung_ori 110.24125 226.05809 372.21790 655.26971 
juicyfresh 119.20623 669.21162 250.69261 877.34440 
ID_gum 317.43191 718.00830 552.51362 873.36100 
