jjolbyung_noodle 242.72374 0.00000 680.01556 295.76763 
spearmint 371.22179 273.85892 573.43191 368.46473 
samdasu 113.22957 107.55187 318.42802 676.18257 
juicyfresh 119.20623 671.20332 253.68093 873.36100 
gumi_gumi 302.49027 409.29461 599.33074 767.80083 
tuna 585.38521 264.89627 824.45136 417.26141 
couque_coffee 743.76654 23.90041 1146.19455 315.68465 
couque_white 587.37743 415.26971 987.81323 721.99170 
jjolbyung_ori 953.94553 314.68880 1243.81323 773.77593 
ID_gum 434.97276 742.90456 663.08171 901.24481 
