jjolbyung_noodle 324.40467 30.87137 739.78210 307.71784 
couque_coffee 756.71595 66.72199 1211.93774 290.78838 
tuna 583.39300 269.87552 826.44358 420.24896 
spearmint 368.23346 288.79668 573.43191 366.47303 
samdasu 118.21012 106.55602 313.44747 672.19917 
gumi_gumi 308.46693 333.60996 583.39300 705.06224 
couque_white 560.48249 459.08714 955.93774 753.85892 
ID_gum 316.43580 720.00000 552.51362 869.37759 
juicyfresh 728.82490 753.85892 929.04280 832.53112 
jjolbyung_ori 940.32685 339.58506 1271.70428 816.59751 
