jjolbyung_noodle 348.31128 29.87552 761.69650 288.79668 
couque_coffee 776.63813 67.71784 1239.82879 293.77593 
tuna 611.28405 262.90456 847.36187 419.25311 
spearmint 394.13230 285.80913 596.34241 360.49793 
samdasu 145.10506 100.58091 332.37354 661.24481 
gumi_gumi 317.43191 328.63071 605.30739 695.10373 
ID_gum 333.36965 708.04979 567.45525 862.40664 
couque_white 581.40078 464.06639 974.86381 753.85892 
juicyfresh 745.75875 751.86722 948.96498 827.55187 
jjolbyung_ori 962.91051 333.60996 1275.68872 817.59336 
