jjolbyung_noodle 317.43191 0.00000 779.62646 331.61826 
spearmint 243.71984 71.70124 328.38911 277.84232 
samdasu 0.00000 229.04564 333.36965 456.09959 
tuna 595.34630 172.28216 838.39689 375.43568 
jjolbyung_ori 768.66926 133.44398 1222.89494 396.34855 
couque_coffee 377.19844 363.48548 809.50973 494.93776 
ID_gum 314.44358 475.02075 549.52529 623.40249 
gumi_gumi 150.08560 610.45643 522.63035 892.28216 
juicyfresh 558.49027 609.46058 640.17121 809.62656 
couque_white 614.27237 505.89212 1011.71984 791.70124 
chocopie 950.95720 401.32780 1264.73152 701.07884 
