samdasu 0.00000 233.02905 328.38911 452.11618 
spearmint 223.79767 48.79668 303.48638 245.97510 
jjolbyung_noodle 296.51362 0.00000 696.94942 262.90456 
tuna 416.04669 249.95851 641.16732 474.02490 
ID_gum 328.38911 417.26141 590.36576 632.36515 
gumi_gumi 1.66537 481.99170 453.89883 920.16598 
couque_white 439.95331 544.73029 877.24514 956.01660 
couque_coffee 647.14397 103.56846 830.42802 535.76763 
juicyfresh 757.71206 489.95851 888.20233 681.16183 
chocopie 893.18288 425.22822 1198.98833 784.73029 
jjolbyung_ori 818.47471 94.60581 1251.78210 388.38174 
