spearmint 186.94163 43.81743 295.51751 246.97095 
jjolbyung_noodle 236.74708 0.00000 660.09339 281.82573 
tuna 382.17899 238.00830 610.28794 467.05394 
samdasu 0.00000 226.05809 340.34241 457.09544 
couque_coffee 634.19455 46.80498 978.84825 476.01660 
jjolbyung_ori 892.18677 0.00000 1278.67704 466.05809 
couque_white 856.32685 379.41909 1212.93385 810.62241 
juicyfresh 788.59144 447.13693 903.14397 647.30290 
chocopie 626.22568 482.98755 849.35409 860.41494 
ID_gum 343.33074 432.19917 592.35798 618.42324 
gumi_gumi 126.17899 538.75519 523.62646 910.20747 
