spearmint 178.97276 60.74689 262.64591 263.90041 
jjolbyung_noodle 267.62646 1.99170 677.02724 278.83817 
tuna 383.17510 240.99585 609.29183 466.05809 
samdasu 0.00000 228.04979 333.36965 456.09959 
couque_coffee 701.92996 100.58091 969.88327 491.95021 
juicyfresh 1018.69261 384.39834 1153.16732 586.55602 
couque_white 811.50195 480.99585 1145.19844 890.29046 
chocopie 643.15953 580.58091 864.29572 902.24066 
ID_gum 360.26459 451.12033 592.35798 605.47718 
gumi_gumi 320.42023 520.82988 679.01946 901.24481 
jjolbyung_ori 72.38911 462.07469 383.17510 907.21992 
