spearmint 179.96887 62.73859 258.66148 266.88797 
jjolbyung_noodle 274.59922 0.00000 702.92607 279.83402 
tuna 709.89883 0.00000 941.99222 229.04564 
samdasu 26.56809 226.05809 593.35409 470.04149 
ID_gum 554.50584 346.55602 740.77821 588.54772 
couque_coffee 688.98054 208.13278 1006.73930 618.42324 
chocopie 972.87160 123.48548 1280.00000 498.92116 
juicyfresh 1003.75097 460.08299 1220.90272 590.53942 
jjolbyung_ori 191.92218 462.07469 482.78599 921.16183 
gumi_gumi 460.87160 647.30290 820.46693 943.07054 
couque_white 829.43191 534.77178 1276.68482 960.00000 
