samdasu 129.16732 0.00000 353.29183 556.68050 
jjolbyung_noodle 320.42023 0.00000 723.84436 272.86307 
ID_gum 576.42023 262.90456 719.85992 489.95851 
couque_coffee 363.25292 202.15768 536.57588 625.39419 
tuna 711.89105 0.00000 942.98833 229.04564 
spearmint 810.50584 337.59336 911.11284 541.74274 
jjolbyung_ori 902.14786 46.80498 1212.93385 517.84232 
juicyfresh 1022.67704 513.85892 1159.14397 715.02075 
couque_white 753.72763 536.76349 1059.53307 946.05809 
gumi_gumi 459.87549 537.75934 792.57588 947.05394 
chocopie 136.14008 580.58091 473.82101 956.01660 
