jjolbyung_noodle 174.98833 146.39004 453.89883 582.57261 
couque_coffee 411.06615 182.24066 569.44747 604.48133 
tuna 516.65370 4.97925 740.77821 247.96680 
couque_white 794.56809 14.93776 1210.94163 326.63900 
samdasu 660.09339 327.63485 1233.85214 536.76349 
spearmint 599.33074 254.93776 687.98444 447.13693 
juicyfresh 963.90661 501.90871 1174.08560 580.58091 
jjolbyung_ori 803.53307 525.80913 1158.14786 956.01660 
gumi_gumi 493.74319 540.74689 845.36965 952.03320 
chocopie 208.85603 574.60581 505.69650 947.05394 
ID_gum 102.27237 565.64315 267.62646 805.64315 
