tuna 549.52529 0.99585 778.63035 220.08299 
spearmint 438.95720 105.56017 630.21012 261.90871 
couque_white 851.34630 77.67635 1274.69261 415.26971 
chocopie 514.66148 253.94191 880.23346 529.79253 
juicyfresh 957.92996 498.92116 1174.08560 579.58506 
samdasu 61.43191 143.40249 255.67315 713.02905 
jjolbyung_noodle 250.69261 192.19917 514.66148 623.40249 
ID_gum 150.08560 723.98340 377.19844 871.36929 
gumi_gumi 404.09339 555.68465 687.98444 938.09129 
jjolbyung_ori 672.04669 507.88382 931.03502 959.00415 
couque_coffee 918.08560 599.50207 1205.96109 960.00000 
