jjolbyung_noodle 129.16732 0.00000 531.59533 407.30290 
spearmint 507.68872 57.75934 674.03891 236.01660 
tuna 678.02335 0.00000 905.13619 239.00415 
couque_white 873.26070 133.44398 1132.24903 561.65975 
chocopie 534.58366 237.01245 873.26070 484.97925 
juicyfresh 316.43580 419.25311 518.64591 548.71369 
samdasu 0.00000 267.88382 359.26848 493.94191 
ID_gum 124.18677 599.50207 316.43580 846.47303 
gumi_gumi 295.51751 532.78008 616.26459 943.07054 
jjolbyung_ori 606.30350 483.98340 956.93385 958.00830 
couque_coffee 916.09339 570.62241 1192.01556 946.05809 
