jjolbyung_noodle 140.12451 65.72614 559.48638 355.51867 
spearmint 532.59144 30.87137 662.08560 238.00830 
samdasu 5.64981 261.90871 348.31128 490.95436 
juicyfresh 194.91051 477.01245 397.12062 600.49793 
tuna 469.83658 411.28631 706.91051 570.62241 
couque_white 694.95720 278.83817 989.80545 689.12863 
couque_coffee 804.52918 117.51037 1134.24125 533.77593 
chocopie 964.90272 43.81743 1277.68093 444.14938 
gumi_gumi 745.75875 529.79253 1191.01946 954.02490 
jjolbyung_ori 284.56031 536.76349 760.70039 948.04979 
ID_gum 94.30350 612.44813 295.51751 865.39419 
