jjolbyung_noodle 138.13230 67.71784 564.46693 354.52282 
spearmint 534.58366 31.86722 665.07393 240.00000 
samdasu 5.64981 263.90041 362.25681 493.94191 
juicyfresh 190.92607 475.02075 403.09728 602.48963 
tuna 469.83658 411.28631 716.87160 568.63071 
ID_gum 110.24125 590.53942 306.47471 839.50207 
jjolbyung_ori 337.35409 567.63485 794.56809 865.39419 
couque_white 659.09728 207.13693 934.02335 627.38589 
couque_coffee 775.64202 153.36100 1087.42412 573.60996 
chocopie 946.97276 103.56846 1271.70428 493.94191 
gumi_gumi 745.75875 544.73029 1189.02724 956.01660 
