gumi_gumi 200.88716 42.82158 615.26848 463.07054 
spearmint 559.48638 67.71784 655.11284 276.84647 
juicyfresh 97.29183 258.92116 285.55642 433.19502 
couque_coffee 668.06226 72.69710 978.84825 483.98340 
couque_white 936.01556 66.72199 1248.79377 441.16183 
tuna 470.83268 411.28631 713.88327 566.63900 
samdasu 24.57588 430.20747 372.21790 651.28631 
ID_gum 103.26848 664.23237 327.39300 918.17427 
jjolbyung_ori 340.34241 563.65145 789.58755 866.39004 
couque_white 767.67315 480.99585 1059.53307 878.34025 
jjolbyung_noodle 1028.65370 474.02490 1280.00000 891.28631 
