jjolbyung_noodle 37.52529 1.99170 499.71984 358.50622 
samdasu 28.56031 334.60581 374.21012 559.66805 
ID_gum 361.26070 433.19502 528.60700 667.21992 
jjolbyung_ori 1.66537 561.65975 478.80156 958.00830 
spearmint 665.07393 101.57676 727.82879 306.72199 
gumi_gumi 384.17121 146.39004 751.73541 546.72199 
couque_coffee 711.89105 58.75519 992.79377 441.16183 
tuna 555.50195 486.97095 708.90272 731.95021 
juicyfresh 512.66926 782.73859 718.86381 880.33195 
couque_white 769.66537 555.68465 1204.96498 922.15768 
chocopie 899.15953 251.95021 1280.00000 635.35270 
