jjolbyung_noodle 28.56031 44.81328 448.91829 358.50622 
gumi_gumi 464.85603 40.82988 768.66926 418.25726 
spearmint 759.70428 128.46473 833.41634 339.58506 
tuna 812.49805 45.80913 1044.59144 285.80913 
jjolbyung_ori 953.94553 133.44398 1269.71206 586.55602 
couque_white 771.65759 458.09129 1123.28405 871.36929 
couque_coffee 515.65759 457.09544 788.59144 843.48548 
ID_gum 366.24125 440.16598 515.65759 668.21577 
juicyfresh 332.37354 758.83817 534.58366 844.48133 
samdasu 23.57977 333.60996 368.23346 558.67220 
chocopie 40.51362 575.60166 302.81712 952.03320 
