jjolbyung_noodle 57.44747 0.00000 516.65370 351.53527 
gumi_gumi 534.58366 0.00000 832.42023 394.35685 
couque_coffee 809.50973 43.81743 1266.72374 443.15353 
jjolbyung_ori 684.99611 300.74689 1175.08171 758.83817 
spearmint 875.25292 669.21162 973.86770 875.35270 
chocopie 955.93774 604.48133 1280.00000 959.00415 
juicyfresh 469.83658 752.86307 674.03891 842.48963 
tuna 567.45525 457.09544 736.79377 712.03320 
ID_gum 386.16342 402.32365 564.46693 641.32780 
samdasu 5.64981 270.87137 340.34241 474.02490 
couque_white 87.33074 553.69295 386.16342 936.09959 
