jjolbyung_noodle 256.66926 0.00000 506.02335 307.71784 
couque_coffee 586.38132 48.79668 1031.64202 274.85477 
chocopie 680.01556 263.90041 1077.46304 599.50207 
juicyfresh 481.78988 283.81743 684.99611 367.46888 
ID_gum 447.92218 366.47303 675.03502 512.86307 
samdasu 1.66537 265.89212 347.31518 475.02075 
couque_white 84.34241 549.70954 382.17899 940.08299 
jjolbyung_ori 394.13230 573.60996 662.08560 958.00830 
spearmint 655.11284 548.71369 775.64202 739.91701 
tuna 716.87160 673.19502 941.99222 910.20747 
gumi_gumi 915.09728 449.12863 1272.70039 842.48963 
