jjolbyung_noodle 278.58366 0.00000 555.50195 358.50622 
samdasu 0.00000 260.91286 346.31907 478.00830 
couque_coffee 545.54086 0.00000 723.84436 390.37344 
tuna 696.94942 131.45228 928.04669 365.47718 
ID_gum 438.95720 363.48548 671.05058 521.82573 
couque_white 971.87549 27.88382 1280.00000 460.08299 
gumi_gumi 899.15953 456.09959 1250.11673 842.48963 
chocopie 625.22957 596.51452 980.84047 872.36515 
jjolbyung_ori 332.37354 526.80498 582.39689 948.04979 
spearmint 181.96109 577.59336 316.43580 674.19087 
juicyfresh 101.60311 699.08714 255.67315 796.68050 
