jjolbyung_noodle 289.54086 0.00000 556.49805 360.49793 
couque_coffee 584.38911 79.66805 1022.00778 252.94606 
couque_white 977.85214 59.75104 1280.00000 422.24066 
juicyfresh 1008.73152 406.30705 1171.09728 602.48963 
gumi_gumi 646.14786 247.96680 1033.63424 678.17427 
ID_gum 442.94163 280.82988 675.03502 428.21577 
chocopie 294.52140 461.07884 666.07004 651.28631 
samdasu 2.66148 270.87137 338.35019 475.02075 
spearmint 75.37743 592.53112 200.88716 795.68465 
tuna 266.63035 661.24481 511.67315 895.26971 
jjolbyung_ori 641.16732 574.60581 1101.36965 933.11203 
