jjolbyung_noodle 282.56809 0.00000 559.48638 360.49793 
couque_coffee 591.36187 79.66805 1021.68093 250.95436 
couque_white 978.84825 60.74689 1280.00000 421.24481 
spearmint 1102.36576 440.16598 1201.97665 646.30705 
gumi_gumi 633.19844 249.95851 1038.61479 676.18257 
ID_gum 443.93774 280.82988 676.03113 429.21162 
samdasu 1.66537 268.87967 348.31128 475.02075 
chocopie 293.52529 461.07884 662.08560 647.30290 
tuna 275.59533 691.12033 510.67704 844.48133 
juicyfresh 539.56420 654.27386 648.14008 863.40249 
jjolbyung_ori 648.46693 580.58091 1107.34630 941.07884 
