jjolbyung_noodle 288.54475 0.00000 556.49805 358.50622 
ID_gum 441.94553 279.83402 670.05447 434.19087 
chocopie 59.43969 280.82988 311.45525 650.29046 
juicyfresh 433.97665 506.88797 605.30739 686.14108 
tuna 212.84047 690.12448 452.90272 843.48548 
gumi_gumi 584.38911 250.95436 1012.71595 693.11203 
couque_coffee 721.85214 0.00000 1079.45525 255.93361 
couque_white 969.88327 31.86722 1276.68482 460.08299 
spearmint 958.92607 447.13693 1084.43580 651.28631 
jjolbyung_ori 570.44358 549.70954 1048.57588 949.04564 
samdasu 926.05447 497.92531 1280.00000 960.00000 
