coke 270.61479 25.89212 491.75097 259.91701 
chocopie 104.26459 160.33195 468.84047 435.18672 
couque_white 74.38132 361.49378 534.58366 601.49378 
couque_coffee 45.49416 542.73859 441.94553 777.75934 
tuna 569.44747 530.78838 786.59922 761.82573 
cidar 777.63424 245.97510 1156.15564 579.58506 
squid_peanut 465.85214 1.99170 1205.96109 538.75519 
homerunball 649.13619 421.24481 1274.69261 958.00830 
toreta 89.32296 762.82158 643.15953 957.01245 
couque_white 89.32296 762.82158 643.15953 957.01245 
