chocopie 102.27237 6.97095 508.68482 253.94191 
coke 45.49416 242.98755 403.09728 556.68050 
squid_peanut 423.01946 0.00000 1090.41245 469.04564 
tuna 992.79377 277.84232 1235.84436 500.91286 
couque_white 959.92218 502.90456 1253.77432 892.28216 
toreta 362.25681 292.78008 914.10117 576.59751 
cidar 391.14397 483.98340 795.56420 737.92531 
couque_coffee 179.96887 503.90041 455.89105 936.09959 
homerunball 451.90661 649.29461 998.10117 960.00000 
couque_coffee 451.90661 649.29461 998.10117 960.00000 
