couque_coffee 151.08171 76.68050 539.56420 330.62241 
chocopie 532.59144 0.00000 842.38132 300.74689 
toreta 651.12840 198.17427 871.26848 446.14108 
coke 7.64202 304.73029 289.54086 487.96680 
couque_white 101.27626 504.89627 330.38132 947.05394 
squid_peanut 287.54864 303.73444 769.66537 953.02905 
tuna 701.92996 334.60581 940.00000 564.64730 
cidar 764.68482 523.81743 949.96109 923.15353 
homerunball 906.13230 274.85477 1183.05058 920.16598 
couque_white 906.13230 274.85477 1183.05058 920.16598 
