toreta 73.38521 67.71784 398.11673 347.55187 
cidar 339.34630 102.57261 559.48638 343.56846 
chocopie 584.38911 9.95851 776.63813 400.33195 
couque_white 825.44747 134.43983 1233.85214 420.24896 
coke 348.31128 418.25726 714.87938 583.56846 
homerunball 47.48638 322.65560 423.01946 910.20747 
couque_coffee 336.35798 619.41909 756.71595 929.12863 
tuna 708.90272 483.98340 941.99222 716.01660 
squid_peanut 778.63035 354.52282 1280.00000 960.00000 
chocopie 778.63035 354.52282 1280.00000 960.00000 
