homerunball 107.25292 0.00000 644.15564 328.63071 
samdasu 610.28794 254.93776 843.37743 478.00830 
toreta 794.56809 105.56017 1062.52140 380.41494 
juicyfresh 727.82879 414.27386 924.06226 521.82573 
spearmint 809.50973 495.93361 1016.70039 560.66390 
ID_gum 616.26459 562.65560 802.53696 803.65145 
gumi_gumi 734.80156 578.58921 1022.67704 946.05809 
zec 1007.73541 213.11203 1218.91051 886.30705 
vita500 478.13230 433.19502 601.32296 808.63071 
squid_peanut 100.28016 319.66805 519.64202 934.10788 
