homerunball 105.26070 0.00000 642.16342 331.61826 
squid_peanut 103.26848 305.72614 518.64591 941.07884 
vita500 474.81712 435.18672 600.32685 802.65560 
samdasu 617.26070 249.95851 833.41634 482.98755 
toreta 782.61479 110.53942 1066.50584 376.43154 
juicyfresh 719.85992 410.29046 929.04280 518.83817 
spearmint 799.54864 493.94191 1009.72763 555.68465 
ID_gum 602.31907 569.62656 748.74708 797.67635 
gumi_gumi 737.78988 568.63071 1029.64981 944.06639 
zec 1012.71595 220.08299 1225.88327 887.30290 
