homerunball 19.59533 4.97925 387.15953 573.60996 
zec 0.00000 587.55187 407.08171 878.34025 
toreta 383.17510 349.54357 609.29183 915.18672 
squid_peanut 337.35409 0.00000 942.98833 393.36100 
ID_gum 592.35798 400.33195 830.42802 574.60581 
gumi_gumi 561.47860 562.65560 871.26848 950.04149 
samdasu 820.46693 360.49793 1056.54475 924.14938 
juicyfresh 1020.68482 324.64730 1091.40856 524.81328 
spearmint 1079.45525 326.63900 1164.12451 529.79253 
vita500 1044.59144 579.58506 1280.00000 737.92531 
