zec 36.52918 111.53527 246.70817 788.71369 
toreta 192.91829 123.48548 478.80156 377.42739 
ID_gum 387.15953 15.93361 641.16732 253.94191 
juicyfresh 479.79767 197.17842 604.31128 384.39834 
homerunball 326.39689 581.57676 902.14786 924.14938 
gumi_gumi 501.71206 345.56017 886.21012 616.43154 
squid_peanut 562.47471 0.00000 1200.98054 370.45643 
samdasu 873.26070 331.61826 1171.42412 533.77593 
spearmint 921.07393 566.63900 1134.24125 652.28216 
vita500 935.01946 693.11203 1142.21012 888.29876 
