samdasu 52.46693 41.82573 395.12840 321.65975 
ID_gum 405.08949 86.63900 646.14786 242.98755 
juicyfresh 463.85992 245.97510 666.07004 315.68465 
squid_peanut 8.63813 275.85062 453.89883 913.19502 
gumi_gumi 481.78988 306.72199 878.24125 618.42324 
spearmint 1007.73541 213.11203 1208.94942 333.60996 
zec 673.04280 35.85062 1280.00000 226.05809 
vita500 912.10895 246.97095 1176.07782 590.53942 
homerunball 428.00000 546.72199 1006.73930 915.18672 
toreta 950.95720 630.37344 1274.69261 908.21577 
