samdasu 163.03502 29.87552 446.92607 306.72199 
ID_gum 19.59533 223.07054 178.97276 454.10788 
toreta 188.93385 330.62241 478.80156 558.67220 
zec 497.72763 26.88797 1174.08560 257.92531 
juicyfresh 1012.71595 203.15353 1215.92218 353.52697 
spearmint 1014.70817 303.73444 1209.94553 461.07884 
homerunball 463.85992 212.11618 1012.71595 605.47718 
vita500 649.13619 574.60581 883.22179 937.09544 
squid_peanut 77.36965 540.74689 716.87160 960.00000 
gumi_gumi 843.37743 539.75104 1274.69261 897.26141 
