gumi_gumi 209.85214 54.77178 552.51362 462.07469 
tuna 4.65370 176.26556 249.69650 404.31535 
spearmint 555.50195 107.55187 630.21012 320.66390 
samdasu 679.01946 44.81328 1252.77821 272.86307 
coke 752.73152 221.07884 1132.24903 470.04149 
cidar 462.86381 351.53527 855.33074 523.81743 
ID_gum 79.36187 459.08714 231.76654 693.11203 
juicyfresh 127.17510 699.08714 207.85992 905.22822 
couque_white 217.82101 488.96266 545.54086 908.21577 
couque_coffee 558.49027 506.88797 834.41245 901.24481 
chocopie 842.38132 535.76763 1111.33074 895.26971 
