tuna 152.07782 125.47718 325.40078 360.49793 
ID_gum 77.36965 458.09129 235.75097 689.12863 
juicyfresh 127.17510 699.08714 203.87549 909.21162 
couque_white 214.83268 494.93776 544.54475 915.18672 
gumi_gumi 305.47860 108.54772 600.32685 474.02490 
spearmint 592.35798 143.40249 676.03113 354.52282 
cidar 588.37354 339.58506 772.65370 534.77178 
couque_coffee 496.73152 503.90041 819.47082 916.18257 
coke 861.30739 250.95436 1102.36576 439.17012 
samdasu 677.02724 86.63900 1257.75875 297.75934 
chocopie 849.35409 486.97095 1081.44747 860.41494 
