tuna 176.98054 158.34025 343.33074 395.35270 
couque_coffee 351.29961 48.79668 623.23735 446.14108 
cidar 156.06226 470.04149 420.03113 652.28216 
ID_gum 74.38132 637.34440 224.79377 858.42324 
juicyfresh 295.51751 639.33610 374.21012 842.48963 
spearmint 651.12840 350.53942 852.34241 413.27801 
samdasu 633.19844 99.58506 1195.00389 280.82988 
coke 864.29572 255.93361 1095.39300 436.18257 
couque_white 500.71595 503.90041 651.12840 929.12863 
chocopie 714.87938 496.92946 915.09728 859.41909 
gumi_gumi 984.82490 367.46888 1280.00000 718.00830 
