couque_coffee 156.06226 82.65560 558.49027 386.39004 
tuna 609.29183 136.43154 830.42802 373.44398 
samdasu 903.14397 0.00000 1213.92996 273.85892 
coke 860.31128 261.90871 1091.40856 433.19502 
cidar 1077.78988 195.18672 1280.00000 404.31535 
couque_white 971.87549 479.00415 1185.04280 907.21992 
gumi_gumi 657.10506 453.11203 941.99222 806.63900 
chocopie 303.48638 411.28631 661.08949 618.42324 
ID_gum 294.52140 629.37759 469.83658 866.39004 
juicyfresh 516.65370 638.34025 604.31128 841.49378 
spearmint 190.92607 565.64315 263.64202 760.82988 
