couque_coffee 149.08949 76.68050 561.47860 396.34855 
cidar 12.62257 372.44813 305.47860 555.68465 
chocopie 300.49805 409.29461 665.07393 616.43154 
tuna 607.29961 136.43154 832.42023 377.42739 
spearmint 188.93385 564.64730 263.64202 764.81328 
ID_gum 286.87938 622.40664 464.18677 873.36100 
juicyfresh 519.64202 634.35685 612.28016 850.45643 
gumi_gumi 657.10506 437.17842 951.95331 816.59751 
coke 866.28794 255.93361 1105.35409 435.18672 
samdasu 908.12451 0.00000 1211.93774 265.89212 
couque_white 971.87549 471.03734 1189.02724 918.17427 
