couque_coffee 127.17510 82.65560 425.01167 480.99585 
couque_white 412.06226 119.50207 832.42023 300.74689 
cidar 820.79377 27.88382 1040.60700 290.78838 
coke 818.47471 299.75104 1037.61868 471.03734 
tuna 505.69650 347.55187 733.80545 575.60166 
juicyfresh 482.78599 525.80913 644.15564 716.01660 
ID_gum 301.82101 462.07469 472.82490 706.05809 
spearmint 187.93774 497.92531 309.46304 700.08299 
chocopie 248.70039 710.04149 632.20233 944.06639 
gumi_gumi 630.21012 451.12033 989.80545 873.36100 
samdasu 976.85603 350.53942 1190.02335 924.14938 
