samdasu 62.42802 106.55602 392.14008 377.42739 
couque_coffee 410.07004 78.67220 788.59144 359.50207 
couque_white 792.57588 58.75519 1185.04280 347.55187 
gumi_gumi 855.33074 334.60581 1190.02335 713.02905 
cidar 766.67704 566.63900 982.83268 779.75104 
coke 987.81323 696.09959 1254.77043 933.11203 
chocopie 531.59533 672.19917 816.48249 935.10373 
tuna 518.64591 366.47303 748.74708 593.52697 
juicyfresh 405.08949 438.17427 500.71595 649.29461 
ID_gum 238.73930 420.24896 404.09339 673.19502 
spearmint 156.06226 418.25726 242.72374 623.40249 
