chocopie 54.45914 20.91286 427.00389 309.70954 
couque_coffee 439.95331 60.74689 826.44358 341.57676 
couque_white 820.46693 32.86307 1216.91829 327.63485 
ID_gum 952.94942 328.63071 1123.28405 561.65975 
coke 731.81323 334.60581 929.04280 506.88797 
cidar 726.83268 574.60581 931.03502 793.69295 
spearmint 940.00000 623.40249 1035.62646 833.52697 
juicyfresh 1050.56809 616.43154 1135.23735 845.47718 
tuna 436.96498 381.41079 670.05447 607.46888 
gumi_gumi 44.49805 384.39834 431.98444 717.01245 
samdasu 151.40856 727.96680 735.79767 928.13278 
