chocopie 57.44747 37.84232 433.97665 324.64730 
couque_coffee 444.93385 31.86722 835.40856 317.67635 
couque_white 836.40467 16.92946 1239.82879 314.68880 
cidar 57.44747 449.12863 351.29961 645.31120 
samdasu 485.77432 327.63485 657.10506 915.18672 
coke 684.00000 326.63900 842.38132 698.09129 
ID_gum 897.16732 326.63900 1068.49805 570.62241 
tuna 710.89494 723.98340 942.98833 960.00000 
spearmint 941.99222 617.42739 1034.95720 836.51452 
juicyfresh 1045.58755 617.42739 1129.26070 839.50207 
gumi_gumi 74.38132 672.19917 459.87549 960.00000 
coke 74.38132 672.19917 459.87549 960.00000 
