ID_gum 241.72763 101.57676 405.08949 335.60166 
couque_coffee 399.11284 52.78008 828.43580 252.94606 
couque_white 829.43191 64.73029 1271.70428 245.97510 
cidar 377.19844 249.95851 599.33074 454.10788 
coke 681.01167 328.63071 848.35798 703.07054 
chocopie 898.16342 299.75104 1280.00000 574.60581 
gumi_gumi 830.42802 613.44398 1196.00000 952.03320 
juicyfresh 710.89494 696.09959 779.62646 895.26971 
spearmint 571.43969 705.06224 660.09339 909.21162 
samdasu 0.00000 480.99585 544.54475 674.19087 
tuna 215.15953 684.14938 461.86770 930.12448 
