ID_gum 184.94942 141.41079 420.03113 297.75934 
couque_coffee 441.94553 53.77593 875.25292 250.95436 
couque_white 888.20233 0.00000 1277.68093 229.04564 
cidar 353.29183 231.03734 763.68872 464.06639 
coke 64.42023 302.73859 404.09339 635.35270 
samdasu 360.26459 447.13693 598.33463 688.13278 
tuna 173.99222 716.01660 410.07004 960.00000 
spearmint 542.55253 706.05809 625.22957 925.14523 
juicyfresh 692.96498 705.06224 775.64202 935.10373 
gumi_gumi 671.05058 319.66805 1048.57588 765.80913 
chocopie 983.82879 327.63485 1280.00000 642.32365 
