couque_coffee 413.05837 17.92531 734.80156 247.96680 
ID_gum 258.66148 78.67220 418.03891 317.67635 
couque_white 757.71206 17.92531 1203.96887 207.13693 
cidar 349.30739 218.09129 768.66926 458.09129 
samdasu 139.12840 362.48963 364.24903 944.06639 
coke 324.40467 520.82988 539.56420 706.05809 
chocopie 503.70428 428.21577 730.81712 738.92116 
spearmint 549.52529 717.01245 624.23346 922.15768 
juicyfresh 689.97665 718.00830 769.66537 925.14523 
gumi_gumi 791.57977 307.71784 1099.37743 685.14523 
tuna 874.25681 700.08299 1128.26459 945.06224 
