ID_gum 146.10117 92.61411 403.09728 255.93361 
tuna 188.93385 249.95851 441.94553 462.07469 
cidar 145.10506 353.52697 532.59144 680.16598 
coke 375.20623 523.81743 564.46693 709.04564 
couque_coffee 449.91440 30.87137 845.36965 334.60581 
gumi_gumi 253.68093 617.42739 643.15953 954.02490 
juicyfresh 673.04280 669.21162 743.76654 882.32365 
spearmint 780.94942 674.19087 860.31128 886.30705 
chocopie 550.52140 376.43154 908.12451 649.29461 
samdasu 898.16342 220.08299 1105.35409 796.68050 
couque_white 857.32296 5.97510 1259.75097 239.00415 
