chocopie 136.14008 50.78838 427.00389 410.29046 
couque_coffee 381.18288 0.00000 722.84825 244.97925 
couque_white 774.64591 41.82573 1228.87160 231.03734 
samdasu 938.00778 232.03320 1221.89883 805.64315 
coke 861.30739 666.22407 1102.36576 902.24066 
tuna 733.80545 487.96680 963.90661 714.02490 
gumi_gumi 451.90661 272.86307 803.53307 699.08714 
spearmint 276.59144 399.33610 477.80545 472.03320 
ID_gum 191.92218 456.09959 359.26848 692.11618 
juicyfresh 368.23346 469.04564 466.17899 677.17842 
cidar 403.09728 765.80913 813.49416 945.06224 
