chocopie 37.52529 146.39004 417.04280 407.30290 
samdasu 411.06615 82.65560 631.20623 332.61411 
coke 656.10895 104.56432 829.43191 326.63900 
cidar 840.38911 225.06224 1079.45525 438.17427 
couque_coffee 986.81712 148.38174 1243.81323 480.99585 
couque_white 955.93774 545.72614 1206.95720 905.22822 
tuna 734.80156 441.16183 968.88716 662.24066 
ID_gum 658.10117 626.39004 819.47082 873.36100 
juicyfresh 534.58366 408.29876 671.05058 607.46888 
spearmint 231.76654 455.10373 437.96109 530.78838 
gumi_gumi 217.82101 535.76763 512.66926 909.21162 
