coke 404.09339 115.51867 766.67704 273.85892 
cidar 765.68093 104.56432 1186.03891 280.82988 
samdasu 391.14397 247.96680 609.29183 462.07469 
chocopie 12.62257 212.11618 398.11673 500.91286 
couque_coffee 37.52529 529.79253 500.71595 674.19087 
couque_white 39.51751 705.06224 500.71595 920.16598 
ID_gum 598.33463 341.57676 786.59922 595.51867 
juicyfresh 840.38911 351.53527 1051.56420 439.17012 
gumi_gumi 737.78988 432.19917 1146.52140 746.88797 
spearmint 575.42412 647.30290 642.16342 871.36929 
tuna 723.84436 725.97510 967.89105 960.00000 
