coke 406.08560 131.45228 768.66926 286.80498 
cidar 774.64591 108.54772 1195.00389 266.88797 
chocopie 9.63424 184.23237 407.08171 482.98755 
couque_coffee 8.63813 502.90456 473.82101 647.30290 
couque_white 6.64591 672.19917 426.00778 959.00415 
samdasu 388.15564 317.67635 606.30350 523.81743 
ID_gum 625.22957 279.83402 781.61868 524.81328 
spearmint 849.35409 264.89627 1072.48249 379.41909 
juicyfresh 877.24514 378.42324 1091.40856 461.07884 
gumi_gumi 534.58366 520.82988 847.36187 898.25726 
tuna 852.34241 516.84647 1088.42023 755.85062 
