coke 370.22568 95.60166 736.79377 261.90871 
cidar 754.72374 85.64315 1169.10506 254.93776 
ID_gum 606.30350 252.94606 774.64591 495.93361 
gumi_gumi 303.48638 251.95021 590.36576 634.35685 
tuna 578.41245 476.01660 796.56031 710.04149 
chocopie 268.62257 663.23651 579.40856 922.15768 
samdasu 31.54864 369.46058 256.66926 953.02905 
spearmint 860.31128 267.88382 1068.49805 382.40664 
juicyfresh 876.24903 371.45228 1101.36965 474.02490 
couque_coffee 778.95720 480.99585 1088.42023 896.26556 
couque_white 1071.48638 422.24066 1278.67704 877.34440 
