coke 365.24514 81.65975 727.82879 230.04149 
cidar 740.77821 77.67635 1155.15953 243.98340 
spearmint 784.60700 258.92116 997.77432 342.57261 
juicyfresh 762.69261 358.50622 961.91440 454.10788 
ID_gum 613.27626 253.94191 772.65370 492.94606 
gumi_gumi 273.60311 233.02905 598.33463 639.33610 
chocopie 4.65370 98.58921 353.29183 437.17842 
tuna 572.43580 479.00415 795.56420 706.05809 
samdasu 16.93385 589.54357 369.22957 897.26141 
couque_coffee 776.63813 482.98755 1052.56031 887.30290 
couque_white 1043.59533 422.24066 1276.68482 864.39834 
