chocopie 52.46693 78.67220 411.06615 329.62656 
coke 445.92996 73.69295 816.48249 240.00000 
cidar 836.40467 0.00000 1091.40856 249.95851 
juicyfresh 303.48638 367.46888 403.09728 569.62656 
spearmint 172.00000 389.37759 260.65370 595.51867 
tuna 64.42023 628.38174 257.66537 873.36100 
couque_coffee 297.50973 652.28216 688.98054 950.04149 
gumi_gumi 468.84047 298.75519 856.32685 597.51037 
ID_gum 876.24903 351.53527 1050.56809 604.48133 
samdasu 750.73930 620.41494 1020.68482 917.17842 
couque_white 1041.60311 418.25726 1271.70428 870.37344 
