chocopie 79.36187 92.61411 462.86381 378.42324 
coke 483.78210 11.95021 670.05447 254.93776 
cidar 673.04280 71.70124 1082.77043 268.87967 
samdasu 863.29961 237.01245 1058.53696 828.54772 
couque_white 1026.66148 350.53942 1264.73152 791.70124 
gumi_gumi 450.91051 300.74689 820.46693 600.49793 
juicyfresh 524.62257 571.61826 743.76654 685.14523 
spearmint 391.14397 419.25311 479.79767 624.39834 
ID_gum 122.19455 431.20332 363.25292 587.55187 
couque_coffee 47.48638 628.38174 456.88716 911.20332 
tuna 477.80545 678.17427 709.89883 923.15353 
