chocopie 157.05837 53.77593 445.92996 420.24896 
coke 468.84047 96.59751 844.37354 271.86722 
cidar 837.40078 26.88797 1096.38911 286.80498 
couque_white 945.97665 295.76763 1151.17510 734.93776 
samdasu 729.82101 255.93361 931.03502 829.54357 
tuna 577.41634 228.04979 707.90661 477.01245 
juicyfresh 512.66926 480.00000 715.87549 559.66805 
spearmint 388.15564 415.26971 470.83268 625.39419 
ID_gum 122.19455 416.26556 368.23346 600.49793 
couque_coffee 31.54864 627.38589 432.98054 936.09959 
gumi_gumi 464.85603 560.66390 747.75097 938.09129 
