samdasu 26.56809 84.64730 362.25681 358.50622 
chocopie 357.27626 190.20747 725.83658 424.23237 
coke 735.79767 141.41079 923.06615 359.50207 
cidar 913.10506 112.53112 1181.05837 373.44398 
tuna 892.18677 467.05394 1142.21012 709.04564 
couque_coffee 647.14397 343.56846 908.12451 777.75934 
couque_white 250.02335 351.53527 683.00389 555.68465 
ID_gum 35.53307 450.12448 295.51751 690.12448 
gumi_gumi 216.82490 626.39004 621.24514 948.04979 
spearmint 775.64202 662.24066 907.12840 873.36100 
juicyfresh 916.09339 718.00830 1041.60311 948.04979 
