tuna 131.15953 116.51452 384.17121 362.48963 
ID_gum 67.40856 442.15768 239.73541 684.14938 
couque_white 263.64202 383.40249 665.07393 690.12448 
chocopie 406.08560 33.85892 688.98054 400.33195 
coke 716.87160 62.73859 884.21790 446.14108 
cidar 871.26848 44.81328 1064.51362 456.09959 
couque_coffee 683.00389 454.10788 853.33852 897.26141 
spearmint 820.46693 638.34025 905.13619 848.46473 
juicyfresh 914.10117 657.26141 1023.67315 871.36929 
samdasu 1004.74708 315.68465 1222.89494 900.24896 
gumi_gumi 225.78988 670.20747 597.33852 958.00830 
