tuna 121.19844 124.48133 357.27626 361.49378 
chocopie 322.41245 21.90871 603.31518 394.35685 
coke 597.33852 69.70954 751.73541 438.17427 
couque_white 162.03891 400.33195 551.51751 677.17842 
cidar 43.50195 685.14523 338.35019 937.09544 
ID_gum 364.24903 674.19087 598.33463 825.56017 
spearmint 642.16342 698.09129 721.85214 914.19087 
juicyfresh 763.68872 711.03734 850.35019 929.12863 
gumi_gumi 719.85992 373.44398 1016.70039 719.00415 
couque_coffee 760.70039 26.88797 955.93774 393.36100 
samdasu 985.82101 14.93776 1195.00389 579.58506 
