cidar 304.48249 27.88382 471.82879 435.18672 
tuna 90.31907 171.28631 325.40078 398.34025 
coke 531.59533 54.77178 679.01946 437.17842 
couque_white 697.94553 45.80913 970.87938 455.10373 
samdasu 985.82101 17.92531 1185.04280 583.56846 
juicyfresh 890.19455 471.03734 991.79767 682.15768 
spearmint 808.51362 487.96680 928.04669 693.11203 
couque_coffee 438.95720 430.20747 823.45525 702.07469 
chocopie 62.42802 478.00830 352.29572 832.53112 
ID_gum 374.21012 721.99170 614.27237 876.34855 
gumi_gumi 656.10895 676.18257 1029.64981 957.01245 
