tuna 75.37743 166.30705 315.43969 401.32780 
cidar 289.54086 59.75104 463.85992 462.07469 
coke 445.92996 81.65975 603.31518 456.09959 
couque_coffee 658.10117 65.72614 940.99611 470.04149 
couque_white 929.04280 65.72614 1223.89105 470.04149 
juicyfresh 836.40467 480.99585 972.87160 666.22407 
spearmint 643.15953 482.98755 851.34630 568.63071 
ID_gum 382.17899 480.00000 627.22179 634.35685 
samdasu 108.24903 399.33610 302.49027 958.00830 
gumi_gumi 473.82101 649.29461 851.34630 938.09129 
chocopie 987.81323 513.85892 1239.82879 896.26556 
