cidar 176.98054 6.97095 442.94163 263.90041 
coke 173.99222 273.85892 417.04280 464.06639 
tuna 500.71595 82.65560 722.84825 319.66805 
couque_white 72.38911 459.08714 296.51362 904.23237 
ID_gum 341.33852 580.58091 578.41245 737.92531 
chocopie 383.17510 334.60581 782.61479 596.51452 
spearmint 603.31518 565.64315 805.52529 649.29461 
juicyfresh 822.45914 529.79253 1045.58755 610.45643 
couque_coffee 776.63813 14.93776 1005.74319 464.06639 
samdasu 973.86770 91.61826 1203.96887 668.21577 
gumi_gumi 655.11284 631.36929 1028.65370 939.08714 
