couque_white 39.51751 89.62656 338.35019 487.96680 
couque_coffee 323.40856 89.62656 614.27237 486.97095 
tuna 694.95720 85.64315 930.03891 327.63485 
chocopie 593.35409 342.57261 965.89883 540.74689 
ID_gum 345.32296 498.92116 575.42412 649.29461 
coke 174.31907 688.13278 552.51362 850.45643 
spearmint 600.32685 547.71784 806.52140 632.36515 
juicyfresh 809.50973 527.80083 1017.69650 624.39834 
samdasu 957.92996 37.84232 1176.07782 628.38174 
gumi_gumi 608.29572 616.43154 994.78599 901.24481 
cidar 1006.73930 644.31535 1280.00000 905.22822 
