couque_white 228.77821 88.63071 516.65370 471.03734 
couque_coffee 526.61479 86.63900 795.56420 463.07054 
tuna 830.42802 127.46888 1074.47471 359.50207 
juicyfresh 1068.49805 213.11203 1155.15953 432.19917 
chocopie 840.38911 446.14108 1262.73930 647.30290 
gumi_gumi 647.14397 638.34025 1027.65759 933.11203 
coke 1013.71206 676.18257 1276.68482 933.11203 
spearmint 570.44358 528.79668 648.14008 730.95436 
ID_gum 344.32685 494.93776 574.42802 646.30705 
cidar 0.00000 494.93776 262.64591 695.10373 
samdasu 86.33463 755.85062 681.01167 944.06639 
