samdasu 72.38911 94.60581 269.61868 675.18672 
couque_white 251.68872 96.59751 537.57198 486.97095 
coke 659.09728 9.95851 848.35798 246.97095 
cidar 529.60311 247.96680 932.03113 427.21992 
tuna 924.06226 110.53942 1107.34630 368.46473 
juicyfresh 1096.38911 158.34025 1179.06615 378.42324 
chocopie 848.35798 385.39419 1237.83658 670.20747 
gumi_gumi 630.21012 632.36515 1004.74708 920.16598 
spearmint 559.48638 528.79668 654.11673 733.94191 
ID_gum 346.31907 496.92946 579.40856 643.31950 
couque_coffee 129.16732 722.98755 587.37743 943.07054 
