couque_white 39.51751 26.88797 256.66926 455.10373 
couque_coffee 255.67315 39.83402 453.89883 475.02075 
coke 464.85603 92.61411 828.43580 256.92946 
tuna 821.46304 76.68050 1060.52918 317.67635 
juicyfresh 1084.43580 158.34025 1177.07393 375.43568 
samdasu 925.05837 341.57676 1167.11284 909.21162 
gumi_gumi 490.75486 281.82573 855.33074 572.61411 
chocopie 679.01946 551.70124 935.01946 923.15353 
ID_gum 492.74708 625.39419 651.12840 859.41909 
spearmint 380.18677 610.45643 453.89883 819.58506 
cidar 127.17510 485.97510 312.77821 900.24896 
