couque_white 133.15175 29.87552 300.49805 465.06224 
couque_coffee 305.47860 54.77178 468.84047 486.97095 
coke 575.42412 34.85477 748.74708 275.85062 
cidar 491.75097 322.65560 687.98444 512.86307 
juicyfresh 789.58755 156.34855 878.24125 371.45228 
tuna 968.88716 73.69295 1229.86770 332.61411 
samdasu 977.85214 366.47303 1161.13619 936.09959 
chocopie 691.96887 533.77593 956.93385 901.24481 
ID_gum 489.75875 627.38589 651.12840 858.42324 
spearmint 395.12840 618.42324 474.81712 811.61826 
gumi_gumi 86.33463 508.87967 378.19455 898.25726 
