cidar 63.42412 113.52697 490.75486 291.78423 
coke 509.68093 68.71369 881.22957 235.02075 
juicyfresh 892.18677 126.47303 968.88716 334.60581 
tuna 975.85992 80.66390 1228.87160 323.65145 
chocopie 387.15953 278.83817 660.09339 644.31535 
gumi_gumi 93.30739 350.53942 408.07782 724.97925 
spearmint 466.84825 645.31120 544.54475 848.46473 
couque_coffee 645.15175 521.82573 803.53307 955.02075 
couque_white 791.57977 496.92946 961.91440 927.13693 
samdasu 947.96887 357.51037 1185.04280 932.11618 
ID_gum 715.87549 353.52697 953.94553 488.96266 
