gumi_gumi 158.05447 68.71369 461.86770 469.04564 
cidar 447.92218 6.97095 648.14008 265.89212 
coke 670.05447 41.82573 854.33463 274.85477 
juicyfresh 889.19844 121.49378 975.85992 329.62656 
tuna 976.85603 77.67635 1235.84436 321.65975 
samdasu 958.92607 348.54772 1183.05058 939.08714 
couque_coffee 660.09339 415.26971 954.94163 824.56432 
chocopie 405.08949 245.97510 681.01167 601.49378 
ID_gum 82.35019 460.08299 337.35409 605.47718 
spearmint 361.26070 592.53112 579.40856 672.19917 
couque_white 162.03891 661.24481 558.49027 957.01245 
