gumi_gumi 116.21790 133.44398 426.00778 539.75104 
chocopie 420.03113 112.53112 680.01556 476.01660 
cidar 694.95720 109.54357 892.18677 348.54772 
coke 859.31518 150.37344 1077.46304 351.53527 
tuna 1012.71595 92.61411 1257.75875 336.59751 
samdasu 108.24903 663.23651 690.97276 860.41494 
spearmint 406.08560 563.65145 610.28794 669.21162 
juicyfresh 466.84825 490.95436 671.05058 610.45643 
couque_white 704.91829 404.31535 903.14397 846.47303 
couque_coffee 875.25292 344.56432 1175.08171 751.86722 
ID_gum 885.21401 732.94606 1126.27237 902.24066 
