gumi_gumi 116.21790 127.46888 429.99222 539.75104 
couque_white 408.07782 105.56017 682.00778 479.00415 
cidar 691.96887 118.50622 896.17121 356.51452 
coke 861.30739 146.39004 1077.46304 359.50207 
tuna 1011.71984 91.61826 1263.73541 344.56432 
juicyfresh 465.85214 495.93361 671.05058 606.47303 
spearmint 417.04280 567.63485 613.27626 673.19502 
samdasu 105.26070 655.26971 694.95720 843.48548 
couque_white 699.93774 402.32365 910.11673 844.48133 
couque_coffee 867.28405 341.57676 1177.07393 748.87967 
ID_gum 877.24514 737.92531 1125.27626 900.24896 
