gumi_gumi 117.21401 108.54772 413.05837 513.85892 
chocopie 415.05058 71.70124 615.26848 449.12863 
cidar 624.23346 133.44398 1024.66926 317.67635 
tuna 1013.71206 96.59751 1263.73541 333.60996 
couque_coffee 862.30350 318.67220 1187.03502 717.01245 
couque_white 689.97665 321.65975 847.36187 749.87552 
juicyfresh 463.85992 501.90871 672.04669 601.49378 
spearmint 413.05837 559.66805 613.27626 680.16598 
coke 18.59922 516.84647 408.07782 667.21992 
samdasu 138.13230 658.25726 696.94942 960.00000 
ID_gum 881.22957 744.89627 1125.27626 891.28631 
