gumi_gumi 118.21012 119.50207 421.02724 504.89627 
cidar 381.18288 97.59336 582.39689 505.89212 
chocopie 743.76654 22.90456 1143.20623 264.89627 
couque_white 773.64981 300.74689 927.05058 730.95436 
couque_coffee 922.07004 291.78423 1156.15564 728.96266 
juicyfresh 463.85992 500.91286 673.04280 607.46888 
spearmint 409.07393 556.68050 616.26459 677.17842 
tuna 126.17899 564.64730 382.17899 804.64730 
coke 405.08949 687.13693 605.30739 924.14938 
samdasu 628.21790 639.33610 832.42023 924.14938 
ID_gum 881.22957 739.91701 1124.28016 902.24066 
