samdasu 176.98054 16.92946 386.16342 592.53112 
tuna 387.15953 173.27801 613.27626 413.27801 
couque_white 597.33852 34.85477 737.78988 473.02905 
chocopie 765.68093 18.92116 1155.15953 320.66390 
cidar 808.51362 412.28216 1044.59144 594.52282 
juicyfresh 466.84825 497.92531 671.05058 607.46888 
spearmint 449.91440 566.63900 661.08949 690.12448 
gumi_gumi 106.25681 606.47303 541.55642 960.00000 
coke 688.98054 600.49793 881.22957 814.60581 
ID_gum 884.21790 741.90871 1123.61089 897.26141 
couque_coffee 1018.69261 292.78008 1253.77432 724.97925 
chocopie 1018.69261 292.78008 1253.77432 724.97925 
