samdasu 134.14786 73.69295 439.95331 637.34440 
couque_white 444.93385 80.66390 615.26848 429.21162 
couque_coffee 615.26848 250.95436 774.64591 676.18257 
juicyfresh 420.03113 488.96266 630.53696 582.57261 
spearmint 421.02724 552.69710 625.55642 632.36515 
coke 224.79377 634.35685 597.66537 786.72199 
tuna 615.26848 695.10373 843.37743 951.03734 
chocopie 787.59533 60.74689 1115.31518 311.70124 
cidar 819.47082 313.69295 1249.78988 485.97510 
gumi_gumi 837.40078 456.09959 1212.93385 774.77178 
ID_gum 882.22568 726.97095 1120.29572 905.22822 
