samdasu 132.15564 76.68050 436.96498 639.33610 
couque_white 450.91051 81.65975 614.27237 426.22407 
chocopie 783.61089 52.78008 1118.30350 318.67220 
couque_coffee 620.24903 248.96266 767.67315 669.21162 
juicyfresh 432.98054 492.94606 624.56031 578.58921 
spearmint 430.98833 558.67220 620.24903 633.36100 
coke 225.78988 718.00830 597.33852 888.29876 
tuna 611.28405 700.08299 842.38132 954.02490 
ID_gum 873.26070 737.92531 1130.25681 903.23651 
gumi_gumi 826.44358 467.05394 1233.85214 754.85477 
cidar 814.49027 320.66390 1248.79377 476.01660 
