samdasu 156.06226 60.74689 732.80934 259.91701 
couque_white 774.64591 38.83817 1232.18677 255.93361 
juicyfresh 522.63035 259.91701 744.76265 352.53112 
spearmint 263.64202 265.89212 483.78210 353.52697 
gumi_gumi 103.26848 399.33610 493.74319 733.94191 
couque_coffee 465.85214 390.37344 656.10895 828.54772 
coke 620.24903 517.84232 791.57977 696.09959 
tuna 601.32296 718.00830 836.40467 952.03320 
cidar 821.46304 309.70954 1245.13619 488.96266 
chocopie 799.54864 500.91286 1197.99222 712.03320 
ID_gum 880.23346 731.95021 1131.25292 900.24896 
