samdasu 240.73152 62.73859 814.49027 266.88797 
couque_white 841.38521 28.87967 1246.80156 323.65145 
juicyfresh 530.59922 269.87552 735.79767 346.55602 
spearmint 275.59533 272.86307 476.80934 347.55187 
chocopie 117.21401 308.71369 466.84825 520.82988 
cidar 546.53696 315.68465 955.93774 505.89212 
gumi_gumi 807.51751 445.14523 1203.96887 752.86307 
coke 623.23735 519.83402 788.59144 693.11203 
couque_coffee 186.94163 555.68465 578.41245 835.51867 
tuna 596.34241 705.06224 844.37354 955.02075 
ID_gum 883.22179 734.93776 1127.26848 904.23237 
