samdasu 166.02335 57.75934 734.80156 262.90456 
spearmint 274.59922 270.87137 481.78988 341.57676 
juicyfresh 527.61089 270.87137 738.78599 348.54772 
chocopie 155.39300 306.72199 532.59144 584.56432 
couque_white 789.58755 30.87137 1185.04280 323.65145 
couque_coffee 603.31518 339.58506 1001.75875 633.36100 
gumi_gumi 108.24903 547.71784 493.74319 845.47718 
tuna 591.36187 662.24066 761.69650 913.19502 
ID_gum 882.22568 735.93361 1144.20233 902.24066 
coke 996.77821 525.80913 1263.73541 726.97095 
cidar 995.78210 287.80083 1276.68482 482.98755 
