samdasu 3.65759 51.78423 341.33852 332.61411 
couque_white 268.62257 53.77593 699.93774 232.03320 
cidar 683.00389 91.61826 1089.41634 272.86307 
juicyfresh 533.58755 274.85477 736.79377 341.57676 
spearmint 319.42412 231.03734 524.62257 321.65975 
chocopie 150.08560 302.73859 535.57977 580.58091 
couque_coffee 613.27626 370.45643 1038.61479 510.87137 
coke 221.80545 677.17842 606.30350 839.50207 
tuna 631.20623 562.65560 785.60311 805.64315 
gumi_gumi 780.62257 467.05394 1181.05837 777.75934 
ID_gum 898.16342 754.85477 1144.20233 914.19087 
