gumi_gumi 143.11284 190.20747 526.61479 465.06224 
spearmint 491.75097 110.53942 575.42412 317.67635 
juicyfresh 589.36965 117.51037 667.06615 324.64730 
couque_white 722.84825 22.90456 1067.50195 276.84647 
cidar 985.82101 73.69295 1277.68093 320.66390 
samdasu 964.90272 381.41079 1274.69261 591.53527 
couque_coffee 551.51751 330.62241 968.88716 658.25726 
ID_gum 429.99222 454.10788 601.32296 683.15353 
coke 5.64981 517.84232 284.56031 726.97095 
chocopie 187.93774 690.12448 582.39689 948.04979 
tuna 641.16732 622.40664 793.57198 871.36929 
