chocopie 154.07004 52.78008 448.91829 412.28216 
gumi_gumi 102.27237 397.34440 469.83658 677.17842 
ID_gum 482.78599 423.23651 644.15564 664.23237 
spearmint 467.84436 159.33610 535.57977 370.45643 
juicyfresh 543.54864 173.27801 626.22568 381.41079 
couque_coffee 151.08171 680.16598 572.43580 951.03734 
couque_white 636.18677 97.59336 1030.64591 373.44398 
cidar 1022.67704 122.48963 1275.68872 365.47718 
samdasu 900.15564 363.48548 1082.44358 944.06639 
coke 712.88716 397.34440 896.17121 572.61411 
tuna 638.17899 648.29876 865.29183 895.26971 
