chocopie 452.90272 3.98340 802.53696 289.79253 
couque_white 789.58755 33.85892 1212.93385 352.53112 
juicyfresh 772.65370 350.53942 988.80934 429.21162 
spearmint 550.52140 301.74274 754.72374 385.39419 
cidar 356.28016 314.68880 527.61089 712.03320 
ID_gum 520.63813 388.38174 672.04669 632.36515 
coke 696.94942 419.25311 864.29572 591.53527 
gumi_gumi 829.43191 427.21992 1147.19066 811.61826 
couque_coffee 365.24514 708.04979 796.56031 903.23651 
tuna 131.15953 658.25726 389.15175 906.22407 
samdasu 44.49805 383.40249 386.16342 592.53112 
