couque_coffee 73.38521 16.92946 454.89494 303.73444 
chocopie 450.91051 0.00000 787.59533 288.79668 
couque_white 796.56031 83.65145 1200.98054 366.47303 
juicyfresh 767.67315 354.52282 979.84436 429.21162 
spearmint 549.52529 305.72614 760.70039 384.39834 
ID_gum 514.66148 395.35270 684.99611 620.41494 
coke 697.94553 422.24066 865.29183 592.53112 
samdasu 935.01946 411.28631 1257.75875 638.34025 
gumi_gumi 618.25681 584.56432 1002.75486 881.32780 
cidar 41.50973 476.01660 468.84047 674.19087 
tuna 199.22179 634.35685 444.93385 869.37759 
