coke 215.82879 357.51037 439.95331 525.80913 
couque_coffee 8.63813 91.61826 390.14786 492.94606 
chocopie 377.19844 90.62241 750.07004 325.64315 
couque_white 776.63813 149.37759 1243.81323 317.67635 
spearmint 541.55642 306.72199 750.73930 398.34025 
juicyfresh 763.68872 358.50622 978.84825 435.18672 
ID_gum 508.68482 389.37759 679.01946 631.36929 
cidar 713.88327 431.20332 916.09339 614.43983 
samdasu 933.02724 437.17842 1250.78599 649.29461 
gumi_gumi 611.28405 591.53527 997.77432 878.34025 
tuna 196.90272 581.57676 445.92996 823.56846 
