couque_coffee 147.09728 80.66390 598.33463 267.88382 
chocopie 623.23735 23.90041 912.10895 287.80083 
couque_white 935.01946 0.00000 1180.06226 366.47303 
samdasu 566.45914 311.70124 1148.18677 531.78423 
coke 210.84825 335.60166 444.93385 516.84647 
cidar 2.66148 489.95851 300.49805 689.12863 
tuna 408.07782 535.76763 642.16342 770.78838 
ID_gum 165.02724 671.20332 419.03502 836.51452 
spearmint 442.94163 800.66390 652.12451 901.24481 
gumi_gumi 637.18288 486.97095 1005.74319 797.67635 
juicyfresh 763.68872 800.66390 976.85603 882.32365 
