couque_coffee 149.08949 81.65975 595.34630 271.86722 
chocopie 623.23735 21.90871 909.12062 285.80913 
couque_white 934.02335 0.00000 1172.09339 353.52697 
cidar 992.79377 332.61411 1172.09339 731.95021 
coke 743.76654 318.67220 936.01556 489.95851 
samdasu 142.11673 315.68465 723.84436 503.90041 
tuna 367.23735 511.86722 606.30350 740.91286 
ID_gum 123.19066 531.78423 301.49416 784.73029 
spearmint 355.28405 773.77593 567.45525 857.42739 
juicyfresh 764.68482 803.65145 980.84047 880.33195 
gumi_gumi 634.19455 482.98755 1000.76265 793.69295 
