ID_gum 379.19066 114.52282 619.25292 261.90871 
chocopie 628.21790 28.87967 924.06226 303.73444 
couque_white 939.00389 8.96266 1280.00000 247.96680 
cidar 980.84047 371.45228 1170.10117 787.71784 
couque_coffee 836.40467 492.94606 1011.71984 926.14108 
coke 754.72374 313.69295 954.94163 494.93776 
samdasu 191.92218 293.77593 772.65370 474.02490 
gumi_gumi 135.14397 439.17012 436.96498 828.54772 
spearmint 443.93774 503.90041 515.65759 713.02905 
juicyfresh 526.61479 503.90041 602.31907 720.99585 
tuna 620.24903 522.82158 846.36576 758.83817 
