ID_gum 379.19066 110.53942 612.28016 264.89627 
chocopie 629.21401 38.83817 925.05837 299.75104 
couque_white 914.10117 31.86722 1148.18677 387.38589 
coke 762.69261 322.65560 947.96887 489.95851 
samdasu 195.90661 290.78838 771.65759 473.02905 
gumi_gumi 134.14786 446.14108 432.98054 813.60996 
spearmint 437.96109 505.89212 517.64981 710.04149 
juicyfresh 523.62646 516.84647 601.32296 720.00000 
tuna 622.24125 527.80083 852.34241 754.85477 
couque_coffee 841.38521 488.96266 1014.70817 927.13693 
cidar 992.79377 375.43568 1171.09728 782.73859 
