gumi_gumi 108.24903 98.58921 486.77043 396.34855 
chocopie 531.59533 40.82988 900.15564 280.82988 
samdasu 507.68872 251.95021 717.86770 460.08299 
couque_white 57.44747 395.35270 358.27237 782.73859 
tuna 357.27626 523.81743 582.39689 753.85892 
spearmint 600.32685 496.92946 681.01167 703.07054 
juicyfresh 683.00389 509.87552 773.64981 720.00000 
coke 744.76265 313.69295 951.95331 493.94191 
ID_gum 541.55642 717.01245 778.63035 878.34025 
couque_coffee 840.38911 482.98755 1044.59144 924.14938 
cidar 983.82879 369.46058 1176.07782 782.73859 
