jjolbyung_ori 0.00000 16.92946 416.04669 302.73859 
homerunball 364.24903 0.00000 949.96109 330.62241 
zec 783.61089 267.88382 1145.19844 511.86722 
vita500 930.03891 514.85477 1135.23735 660.24896 
jjolbyung_noodle 671.37743 607.46888 1097.38521 916.18257 
diget_ori 532.59144 359.50207 740.77821 688.13278 
diget_choco 348.31128 350.53942 549.52529 684.14938 
squid_peanut 0.66926 318.67220 394.13230 941.07884 
welchs 423.01946 725.97510 641.16732 960.00000 
jjolbyung_noodle 423.01946 725.97510 641.16732 960.00000 
