homerunball 163.03502 0.00000 736.79377 323.65145 
diget_choco 768.66926 0.00000 1116.31128 207.13693 
squid_peanut 687.98444 176.26556 1103.36187 803.65145 
zec 50.47471 320.66390 714.87938 509.87552 
jjolbyung_ori 240.73152 491.95021 684.99611 759.83402 
vita500 11.62646 542.73859 251.68872 700.08299 
diget_ori 61.43191 717.01245 413.05837 936.09959 
welchs 400.10895 714.02490 613.27626 952.03320 
jjolbyung_noodle 626.22568 687.13693 1051.56420 957.01245 
welchs 626.22568 687.13693 1051.56420 957.01245 
